"Aggression" "Television" "Computer_Games" "Sibling_Aggression" "Diet" "Parenting_Style"
0.374160430640457 0.172670536041966 0.141906686312197 -0.328216369799206 -0.110302848529567 -0.27903391265838
0.771153401696602 -0.0328718424282237 0.70991822158973 0.576836666584888 -0.0229902994363559 -1.24816654381935
-0.0977275767529503 -0.0744602054947211 -0.390140556361705 -0.217184051790135 0.280300500733838 -0.328062974471144
0.0159353083172345 -0.00442663143025586 -0.408080359578329 0.0462232544752437 -0.263479227693543 -1.00511930778355
-0.275384590127613 -0.675238689863032 -0.277777805092463 -0.891045376926662 0.226581391463754 0.489477816099021
0.157853298602792 0.202480135088309 0.321508290608204 -0.153712620137455 -0.368638185449680 -1.74098228316479
0.126216995343004 0.186664201457420 0.306265932281243 0.511782214930393 -0.660966053512811 0.0922943789224772
0.00593043640032522 0.0500436596518654 -0.104918245054577 0.113053752262112 0.00315417012424678 -0.217873889806761
-0.205587339804103 -0.430480030319736 0.00230351147431279 0.234942855059740 0.387017758394137 0.112905391281834
-0.330111366765665 -0.320388868445207 -0.678358880698906 -0.0856752869889898 -0.413757863402133 -1.79479668686356
0.326583509868008 -0.0454175728512432 -0.663355089578371 0.162885491506488 -0.302357319028707 -0.375942491969869
-0.507211076793871 -0.324855052596193 0.0592849635897143 0.48017646276682 -0.105312880039642 -1.42492645127270
-0.370690241613424 0.365468211811675 0.0862239651038987 0.154281713657063 0.274531772105718 0.427441086457531
0.0767073381118358 0.208148071214526 -0.06004737930758 0.284757667985346 0.0475712721971764 0.216801809304733
-0.47226961093975 -0.228085493746693 -0.0267571505136993 -0.408294870938039 -0.273550112172267 -1.74701514725971
0.143117232416471 -0.0036077957020469 0.0068914356993039 0.16255943006253 -0.079047639085499 0.410699041995798
-0.0853877547718622 -0.06935938694592 0.0390665557040499 0.00351665369345444 0.173903536466716 0.0188327831294197
-0.174443280346361 -0.62570538454386 -0.0512016924419634 -0.488073328135606 0.664170935417362 0.170665668848647
0.0378177728471287 -0.330934279694471 -0.574835142635917 -0.346178524638039 -0.252276813855622 -0.566230888787691
0.29069501081848 0.316085564863947 0.205046481091647 -0.0644654485622074 0.385260096843416 2.28142777850715
-0.143227998117386 -0.00400848358158862 0.362643308655133 -0.0403922349740332 -0.861475985294219 1.59329493999608
-0.0241137157927560 -0.060912765038962 -0.163574334656423 -0.215641031081645 0.588357182361301 -0.356909731419503
-0.264952762247249 -0.594214506301431 0.0551804269641256 -0.0801129636341241 -0.743845250910592 -1.17518705433899
0.126283603212263 -0.146685493330184 -0.352619047957905 -0.125049553812484 -0.269296920737942 -1.25524467250859
0.0786275475459352 -0.116858151392571 -0.134426586495877 0.116976688335249 -0.0256005820090540 -0.665801094904742
-0.0440503588133781 0.122263443865868 0.0288388868864865 0.0547118145900998 -0.00212234646001365 -0.139420934382667
-0.0929384686545955 -0.227178936050029 -0.0116242155545517 0.174299573341983 0.441912426820447 -0.618788875208602
-0.0321694650419453 -0.0870520904913345 -0.434281507593285 0.00239580386679076 0.0612111683367953 -0.757257511869412
-0.500159681465743 0.402571966086146 -0.464858682060267 0.335033890126824 -0.221184732732732 -0.984001601706646
-0.0918878169861466 0.421984273127383 0.467093293713198 0.00916869761797564 0.634781537310704 0.652721938971479
0.0822528438203422 0.416658895941533 0.626688309511699 0.788495571179995 0.698553070197666 0.556350009914116
-0.08481464172498 -0.00708892791435907 -0.0980691786412685 -0.0994922084405372 -0.0303712334465419 0.462186510034222
-0.596764441674122 -0.271368783365378 -0.123522147901120 -0.295980974808729 -0.31880351125614 -0.86279962898958
-0.496285889847364 0.295420876599562 -0.358081497079451 -0.0259231991157106 -0.0301140167097833 0.640050258262312
-0.366327356388393 0.146156742548345 0.258938229881331 -0.0415935506172079 0.0567212070251043 0.311211935786758
-0.55133693248641 0.42441087769519 -0.288129701100921 0.169796309872807 0.0245592139388017 0.722277518613212
0.0700481794564058 -0.546004259499594 -0.488644959505234 -0.480355333962248 0.308218098994793 -1.87518089456083
0.214967804772921 -0.0341228744598917 -0.219880722286629 0.00289074853785313 -0.0323028205141163 -0.235725879759506
0.0486762259365705 0.364314570024083 0.889436205630883 0.258482327684074 0.667644857713805 0.336121500267645
-0.00252005525332543 -0.193834264956988 -1.15383454794656 0.557152131145718 -0.114977164101709 1.41545226548169
0.0792230398503628 0.0646414279075163 -0.0248624518806044 0.0320495978881697 -0.0424258432095791 0.00180391520060175
-0.0182463134140000 0.24567300299536 -0.0665633241574655 -0.77428898942705 -0.343485632642458 0.290157002105891
0.391874573079139 0.214869638435722 -0.0879048454421683 -0.253869136386524 -0.0336015986019218 1.57357474839708
0.132266424323045 0.102352899872403 0.244448336415508 0.114770945926188 -0.158386332923828 0.557871838425597
-0.930983924881745 -0.146957301295069 0.585038321289437 0.143914123331360 0.134156742344338 -1.04709605638174
-0.0340067079597108 0.216567592705492 0.199412357910492 -0.023275369161268 -0.183611006557976 -0.587035611279508
0.843769635973726 -0.533371870136384 0.626742914394063 0.00619379220360181 -0.054253097362419 0.238657822253613
0.000535286873320103 -0.339253543966216 0.0233747476536930 -0.758460597476687 -0.468834415407907 -0.238927489276356
-0.33754139624333 0.109786684626528 -0.0096058256344991 -0.263130010226138 -0.0479434707632618 0.836876893777497
0.175327967240641 0.253614224646118 0.610036201291486 0.140173594874447 0.135416628889472 0.338680470966406
-0.132374408137110 -0.19993590500918 -0.304095731991049 -0.686982299603556 0.163167943868188 -1.21735492046534
0.231111801834549 -0.00919916427640966 -0.234552232105728 0.122941564127463 -0.574558702977444 -0.117103756679589
0.0558641432752283 0.0606146485961123 0.000883950982033926 0.0155013769201971 0.00511006870131278 0.181854041210223
0.137465803531097 -0.17240202373905 0.679442352658351 0.640296307147305 0.66441856324333 1.32834139741449
-0.0285486721804454 0.0964504338420062 0.32205007782769 -0.017587350641317 0.0683606141186842 -0.970088191177132
-0.580506186586699 -0.0464757140105734 0.0802620052210689 0.0532341008194128 0.171280462817502 -0.110027645884912
0.0331635174854524 -0.171157513459317 0.282151199321663 0.285991452863614 0.298198204592555 -0.745161060875234
0.196358974145856 0.0459465741083448 0.255905606503105 -0.184855858415833 -0.109122089657018 0.314419448978201
0.711838935701628 -0.258768954401981 1.07627412377195 -0.565473724902117 0.371900839620046 2.4579127607346
0.167736961652827 0.0585438814801912 -0.0908843245527384 0.0901079882518786 -0.208759197355510 -0.29362849464517
-0.0429028486051568 0.209903821447436 -0.412083439070126 -0.499903413476464 -0.135187131529955 -0.642740930221712
0.365416259861044 -0.066467282755676 -0.0161465172791479 0.462467635229715 -0.437494774388059 1.83773779389392
-0.185516502954148 0.103355324532136 0.0315670076202771 -0.0068039757857025 0.146937097501541 0.314569865387858
-0.120362662915108 -0.132629412643760 0.0855328186980487 0.193974016279337 0.110853959826398 0.0140060040634713
0.401019925513995 0.215305268061175 -0.121887670341354 0.0514454439982054 -0.87880235002104 0.630669671630721
-0.147783119666297 0.225271436773299 -0.0717951333716574 0.310712729337464 0.19183722745845 -0.863194011366742
0.0533150208260415 0.0317201864324616 -0.0807886663868373 0.219309085858251 0.121433140330345 0.41267286610185
0.0912096538956316 -0.0492892464421008 0.150930713895399 -0.554679675826701 -0.271071291680999 0.12130989465171
-0.0326031393216651 -0.0574105244121807 0.137291479388064 0.00564118434548821 0.0153162251776318 0.0619331579172434
-0.180240043730608 0.1941192604158 -0.123172777405071 -0.00580090111694392 0.0174048034959377 0.0465674527252913
-0.86042365161928 -0.327349956935234 -0.102285242978513 0.0884544098777324 0.340347191537251 -0.698896521519617
-0.312001604812201 -0.72738987566498 -0.839775668901313 -0.122559748000694 0.810783171842994 -0.971537105888772
-0.099777522040338 -0.259672675768152 -0.0708754291209458 -0.0398230882196967 -0.0220279054238033 -0.450559239648805
0.0685205302152723 0.543894629927799 -0.946631050863494 -0.596062308128378 -0.23195521807889 -0.858739861435728
0.737470744099145 0.0510453831441473 0.068042606393912 0.742478946032375 0.360752928214791 0.924319706327507
-0.635270153364152 -0.8334474946606 -0.876081771616576 -0.628569896375283 0.113691664850653 -2.13416933077797
0.0344794770788181 -0.155815637962292 0.184737737981368 0.241134891535354 0.373487344189892 0.770014678723951
0.059317116537777 -0.453724291679738 -0.210048197254865 -0.224633270465838 -0.0194021382893639 -1.15519307501289
0.160714012922559 0.422143410966498 -0.15525872294978 0.490784685685529 1.18501950982300 1.78084550279416
-0.27671394419591 0.0194597733178826 0.0219944279143973 0.513749156978943 0.0493687586908784 -0.595901596851222
0.146925251408439 0.0166677776688508 -0.243496039993295 0.142856911415231 0.212601929669370 0.200520186499469
-0.0817527805214436 0.080052725248588 -0.520620460573564 0.00706766459547024 0.413709689448449 1.66796938605824
-0.329312914812509 -0.0971056312487483 -0.200268794210629 -0.0282905116370197 0.337127685542246 -0.474099941034097
0.0382308302651378 0.00556809352118168 0.0353635561117636 0.0216543805533380 -0.0336157461265301 0.126948363858588
0.113375455163540 -0.108870701162048 0.235871160105047 -0.0144962570495405 -0.0630626294986552 0.362021875313666
-0.00572708383001226 0.0386881256173358 0.199708421991515 -0.559272937017191 0.0344742174145015 0.409820779759811
0.388508214791758 0.155213658163512 -0.121696123282345 -0.156869317940705 -0.402043534849695 0.446937629633962
0.618846721888197 -0.430275218701763 -0.0891314753470997 -0.107570959873560 -0.775469717096895 0.298325941731423
0.186913018567560 -0.277097588169164 0.150113471193584 0.42716089795712 0.163607741580455 -0.68434576316309
-0.152810614113222 0.195203983209607 0.0884480703801696 0.362377934137696 -0.0447236418864349 0.551673341478703
-0.182230534775438 0.0188611738904671 0.0987104101171316 -0.0130577388188430 0.258232922688884 0.104575029535543
0.273710676939514 -0.0956999816163265 -0.515728375710442 -0.464073420052471 -0.131627388160732 -0.900291147804072
-0.150498018702197 -0.156055892955955 -0.00172086857639646 -0.479287897437424 0.0210630058041845 0.438399359119677
-0.0835995697895173 0.00989116540289231 0.337378247587619 -0.272453249219938 -0.0816980182315627 0.0615383978404675
0.190340507339984 -0.670898989286372 -0.167088172395568 -0.0562444745357174 0.415996854305284 -0.26612392419049
-0.108946515306825 -0.222481838961969 0.0488860819411182 0.0579462903614221 -0.142341171407256 -0.424292869642386
-0.000750885210704825 -0.269497711086405 -0.280737271624323 -0.0115207304078980 -0.346395385123498 -0.493276224918412
-0.287821246038707 -0.962203248871294 0.344190707390522 -0.129674829020802 0.444250370477853 -1.5501450673262
0.141216784624807 0.981615109794152 -0.322187984987549 -0.184577171637732 -0.00494739770292378 3.99325610649386
-0.351580122978433 0.00930338956291566 -0.0430596234153949 0.239746784301306 -0.0723133329932764 -0.381433736962373
0.542669734623698 -0.105577964782855 0.435591264243152 0.425504600053499 -0.333646360919739 0.625363808747905
-0.283923363482720 -0.359113776006149 -0.199805241501613 -0.492785558243147 0.209714335105018 -1.47725433570321
-0.122391904973237 -0.47453028250718 -0.248523004602672 0.144186359444374 -0.619087190113125 -0.796551234275673
-0.0643003247858394 0.106727081102824 -0.00292324012840568 -0.0221324823603707 -0.370983106030976 -0.564560038012167
0.318845552917148 -0.182116044874712 -0.748119376044785 0.0169365203036176 -0.25822032234595 -0.122414028292407
0.087557951563868 -0.0112318710903995 0.210853220301763 0.212548235983689 0.279765059421936 -0.0457459756578024
-0.129547906270092 0.0982446055974444 0.0599462643096217 -0.0622051869849969 -0.0315910933244215 0.178857814116630
0.142685260153329 -0.0833923066795322 -0.26122803325443 -0.256618186159320 0.0725453578363859 0.340118656404000
0.150653774806169 -0.0184374640380242 0.188357102502123 0.0296541426049057 0.0692797059109028 0.971830766042938
0.0423224731667079 -0.0859877501048243 -0.000119459821611934 0.125284897164777 0.0468352925237487 -0.0963731795254125
0.602476750054494 0.156919154076048 0.093397651242492 0.255082908410048 -0.143381549644631 1.68781180820665
-0.0194285897576082 0.0766580568248472 0.218549318542669 0.0284516269146402 -0.0183414832506165 1.66158308234726
0.00353350402165598 -0.122130580207264 -0.627342000912274 0.0731529250113892 -0.248705883544023 -3.80687416810798
-0.0272965924527249 -0.208739075676831 0.328662497938580 0.185714574278508 -0.0446812731705297 -0.00134007943941294
-0.419728547784948 -0.190006930469498 -0.298980507009487 -0.206560301609711 -0.0429274341648422 -0.719083446024933
-0.107099584911278 0.0108336092839450 0.326328974083335 0.270638142725035 0.179994228508082 -0.602400979128756
0.196061800313642 0.279805429170594 0.29278958659221 -0.282141673154503 0.161870137957919 1.79772725789581
-0.447317968018450 -0.789930709609316 -0.405312244082423 -1.08350235225128 -0.824911247598839 -3.01378151639184
-0.231676262658937 0.0744240777042811 0.0104687419622791 0.0103722713483054 0.349078101272474 0.970629052807585
-0.0538205551043651 0.224713247988452 -0.0622920869412548 0.0063205847451087 -0.00586329591702711 0.283858240660649
-0.106326857726984 -0.125935683244327 -0.195702238956708 -0.261195422052703 0.359432555897752 -0.245825124134849
0.0420625354224051 0.0927011061794567 0.0680622625854672 0.216214911052594 -0.296928006431966 -0.00909717881729676
0.00367842345972449 -0.0471884762499323 -0.196259239414873 0.283917259733855 0.112407410999961 -0.0634486106174902
-0.0409467492515226 0.31547730884619 0.342096419352315 0.241513123114882 0.471855124125859 0.154733428746061
0.309653787891226 0.341647129473177 0.234894675989942 -0.70924838229785 -0.232891454421304 -1.45540401064228
-0.0629052196940916 -0.183431196982993 0.074374196417836 0.306068885454235 -0.107220345799445 0.382495229180569
-0.0511341677599099 0.132664213294436 0.00365197732229705 0.0300881845181123 0.0648171711978525 0.170947479926706
0.115958704269350 0.72905658679041 -0.207786652591842 -0.352157939045358 0.668204184829469 2.98210307433074
0.0982706238002583 0.288710290235455 0.0562565071752422 -0.35544233593642 -0.233077104436260 0.953372544365498
-0.0862899423852492 0.500918447124844 -0.0962464028902455 0.187483560172780 0.277793545310596 1.51540596865306
-0.0779240094727763 0.0715189417907951 -0.217887946388850 -0.215614164886512 0.0828875199054893 0.313746546536665
-0.0822070158632496 0.0163375894163127 -0.0859049923467385 -0.257434193619177 -0.199720325023660 -0.580781592580841
0.0922279112028053 0.0912313717683641 -0.243767390486235 0.167673461781794 -0.198177039011744 0.602409365631336
-0.00998570800917701 0.367989410353242 -0.170444679048297 0.359301770906222 0.0638809581643408 1.53338229897819
-0.0263618406353074 0.0392326550707826 -0.571279127973666 -0.595881062007982 0.0526629383015362 -0.726034808751565
0.312264194128555 0.366376205471479 0.0463524532808611 0.139059089450932 0.255272167117148 1.43784924516964
-0.388085736313914 0.144809702630439 -0.407532574929137 0.896562241213393 -0.327942046812160 0.197070648114019
0.164306586023852 -0.27066286968044 -0.0845932420132533 -0.325612921880907 -0.0438001674599425 -0.667384217410104
-0.410965474490164 0.275019418270042 -0.514951015062659 -0.161167580029403 -0.723232920763723 -1.05838992279187
0.152785486811961 -0.276570435194999 -0.355752305934451 0.107085650735577 -0.320219010946594 -0.190814583088924
-0.0746873069116311 -0.0445893364609395 -0.038391031162514 -0.0251220719912393 -0.0264347820268497 -0.0223438980851960
0.0786150457264906 0.222056521940603 -0.0722205744885875 0.257360280082589 0.360175161071636 1.36805374531147
0.170054735757660 0.250792258291872 -0.0800017670068114 -0.204510153603143 -0.701442185390535 1.17135895518013
0.638306722010036 -0.273690932598882 0.853227363585557 0.139365173771295 0.452856359455735 0.454940271386203
-0.299695310829474 -0.152559242676236 -0.224469987412166 0.122851006010777 -0.077954935410403 -0.955544217551784
0.0133814228468321 -0.0859764606648856 0.0120912104370139 -0.0147092104893570 -0.0170595378793203 0.0670161608508911
-0.00282462129127852 -0.0596715904308517 -0.103787092469458 -0.0667904700443931 0.032330068295604 0.352313230220983
0.372338340549066 0.230494696445564 0.187840022020390 0.594962389215433 0.389940870872969 0.784384566866294
0.0887501742184088 0.247589298523410 0.0187316332626387 0.191753698184023 0.333905885746245 2.05551133367280
0.615827955927742 -0.179452544300095 -0.143816347718122 0.337002793035664 -0.599252452409424 -1.03348943165340
-0.140382466216855 -0.257086911978337 -0.289202487311320 -0.150435335862708 0.0732681376441846 -0.364736078654916
-0.114837748743056 0.0184849689234349 0.434567222000892 -0.374628827911546 0.208933308137772 -0.0224856630474048
0.00198167071708956 0.0886841642513275 0.0713698786594462 -0.0636334715148168 0.295971728762516 0.819620152256611
-0.0702315934308646 -0.0905692289894606 -0.0686052203191189 -0.107411618675818 -0.183423730490238 -0.260307988693017
0.687454033748474 0.443846317154165 0.173526427939281 0.435501102375892 0.698940691904523 1.67441704907857
-0.123281133625269 0.170348702071120 -0.0865801526678671 -0.0541690135188078 0.00216450039629788 0.340663680286432
1.12746608019465 -0.0683458808514529 -0.080327722747985 -0.607667712014138 -0.513091300726728 -0.65106440389778
0.174385258757113 0.435610223271665 0.170948739402542 0.250295068103582 -0.366635433719565 0.88666303881077
0.0505466670543566 0.526648007819445 0.26563556598334 -0.125975911668993 0.644987238195904 0.432132910771851
-0.354499636252612 -0.348941584383576 -0.113632754409289 0.0782285838374555 -0.0531527988272303 -0.864296470968345
-0.119752345420169 -0.0238972515702107 0.168261882330723 -0.0595912424896971 0.108319294366336 0.505489647559783
-0.126862725037700 -0.326228278403786 -0.104465113551392 -0.127771650427633 -0.0245288434662030 -0.298973588420913
-0.681893477893982 -0.00292877217330166 0.424853890074573 0.241091605862291 1.22383019956642 0.299335344864152
0.395179773065772 0.215675191864894 -0.037266545796055 0.327190497234328 0.0770176362084061 -0.303422287331958
-0.0243522514427546 0.0769137737708424 0.056602183985239 0.0983083904277042 -0.236259809221215 -0.358197120378408
-0.41107757299876 -0.0933557848590006 0.292482053663836 0.0616395766594796 0.472763250284251 0.278036467372096
-0.245240316458338 -0.601250859116475 -0.848125923525426 0.041738013853952 -0.567616878145056 -1.16298235451742
0.070960847996417 0.146742272277990 0.000421168734383489 -0.147957518873570 -0.057350927445225 0.591597796310802
0.851636728569285 0.0792401160058175 -0.925751029352095 0.737122830976294 0.0295687253691697 -0.754698925070827
-0.0613979790163281 -0.515417969376307 0.684121737315666 -0.172426573119441 0.0473023971787933 -0.0845827343249159
-0.217147605623955 0.107992795617499 -0.118521697771667 -0.0847894582625466 0.0134876702491696 0.414673154962316
0.0366745414054056 0.117693930544757 0.626125555869184 -0.0410887234388845 -0.511157107525281 0.0989194591289687
0.329481959531 -0.80447799571723 -0.421282381131615 -0.218384279959771 -0.198614727778452 -1.16030619213094
-0.0898046683639189 0.350918692530116 0.322293919345935 0.288254432563571 -0.0778388875792766 0.329505143845022
-0.00561972718010562 0.271144646318247 0.651422260490808 -1.08061763629910 0.328617998172661 2.88966816917438
0.0486434870393335 -0.0286385360604615 -0.0538477993495159 0.00774953128538418 0.0392134837968279 -0.00398038970204316
0.178044875715111 0.204618933412053 -0.297512318311073 -0.0249049739422518 0.305190649835059 1.45707702144722
0.393419754332786 0.0392488627184443 0.183543781945402 0.0432863729518021 0.289205550156401 2.14149271870440
-0.00478916700126246 0.588861575172973 0.230178565323667 0.765274314445032 0.45670634641929 1.14760850220875
0.0262055900720486 -0.046283781965157 -0.135462212741559 0.115310342106629 -0.04701753736672 -0.109795035529538
-0.232259817918248 0.334074044675565 0.162376959283315 0.321845669190144 0.326613424008325 2.03161248824989
0.806939850103443 0.143652037091957 1.24081480822969 1.10367128750231 0.792906010729926 -0.0213407961988259
0.146382214929463 -0.133487927455734 0.178206114710484 -0.00132623973942590 0.0338720564080034 -0.256624845568669
-0.219782559420310 -0.152708153008021 -0.0853178959452892 -0.252425230189918 0.183130086249209 0.480421635604214
0.283614623956656 -0.215408518108712 -0.0478921009583692 -0.101076975125639 0.113933028692155 0.144202875842502
0.174084300742359 -0.0370142655204832 -0.086874982094037 0.0614577378083733 0.0211355486841411 -0.471127374898572
0.528315986422528 -0.337043619760032 0.314790362534089 -0.0397394892210615 0.560418258480297 0.0380348120466178
-0.582068076543976 -0.175623071902025 -0.0577997355055565 -0.0944507512228164 0.231282766805262 -2.01899848450957
0.0226605014594038 -0.180580254910160 -0.192041172195015 0.0973331898495386 0.591316593981124 -0.157871046863632
-0.119187356499942 0.0335606039733856 -0.224421510618227 0.144666009914278 0.0129380168624652 0.0227316038559818
-0.0640345345327556 0.152885403997699 0.0974827148257642 0.0362927202755188 0.167546549926919 0.262349584785759
0.095776760867215 0.108984337263199 0.140823805960847 -0.113834794126438 -0.0318389092473053 0.624224428848296
-0.0466678304027346 0.144715573163962 0.107985870388601 0.0510188140087891 0.261478828540181 0.444787172326689
-0.147638994196187 -0.266210749732079 0.204261523554841 -0.388026846413632 -0.158772073988281 2.12287020278319
0.107174560151334 0.0833044453198536 -0.0514616909659391 -0.296996371658082 -0.139689883564690 0.0276001114998168
0.138277149265281 0.196201592322107 0.566329514606707 0.220854103703238 0.235370163974572 -7.24383836104719e-05
-0.136421733317263 -0.408767920782157 0.127675658689398 -1.43312656515612 -0.264372287190760 -0.0394676551569988
0.133284224414488 0.0400060241481033 0.111523965415364 0.277858082294211 0.269898425303045 0.275773944863772
0.581048357151469 -0.736233650342486 -0.510762162664313 -0.194839408413333 -0.754119355323077 -2.84548421161665
0.748501864521228 -0.462382893708556 -0.713660414095708 0.319926030453991 0.158702201407221 -1.32651853537771
0.496970416723588 -0.221218011667093 0.621258889707345 -0.0446455354633287 0.398713556914138 -0.580577157009898
-0.162978944530929 -0.0290701936022105 -0.0355072392676387 0.102068481898768 -0.0163725606776416 -0.348095051555412
0.00200252574266511 0.277144107135343 0.0287227835485189 -0.148440649019497 -0.272005754904484 0.288231819781689
0.626414307269601 -0.117526088359765 -0.0210434694287397 -0.128899073411837 -0.0161920229529737 0.101709749760441
0.4033431541323 -0.131510910588471 -0.054890850841595 0.223481268286694 -0.269213119883427 -1.20955066553597
-0.525920984157488 0.149911284047338 0.0188827870386456 0.248674183277025 -0.0142217275486326 0.512572355179647
0.20817239346217 0.0879125363708994 -0.220739424795754 -0.0601203862618450 -0.290081699654555 -0.105336122101357
0.127599050977052 0.141853962673869 0.141971704212685 -0.195479979488328 -0.319089440797095 -0.210064976972352
-0.133994587810888 0.00704227412034953 -0.0539253707062784 -0.0598283463314352 -0.0143015660179460 0.166015520077695
0.295276600338588 -0.145119194862365 -0.0408039449636191 -0.312785922579294 -0.0549782612801834 1.30362166110711
-0.000320026753239403 -0.414143929965248 0.375914531579151 0.083760984804083 0.4515521488799 -0.360381905911518
-0.301226903435707 0.384931119644146 0.0696717942799684 0.383465970187230 0.581357640260502 1.03080254789672
-0.0203331925539098 0.058460082963897 0.108574952962729 0.120892730635261 0.0909852942846299 0.506053145793166
-0.467402928540607 -0.229712797975814 -0.109709059672105 -0.423317928667548 -0.241874319752573 0.0330145239194507
0.101771976247637 -0.0164521553373228 -0.0662546540862494 -0.0934532415488226 -0.0795476294573435 -0.773653523933532
0.335525061319149 0.421988463236069 0.878973895895975 0.0100738041932815 0.431903473396856 1.98546501150267
-1.29560842791664 -1.46012442922952 -0.999613327863942 -0.332245826607469 0.212913211505801 -4.22070037361518
0.129700972619988 -0.134957958827273 0.108048398507216 -0.477245047775925 -0.0825632343852312 -0.433639236458114
-0.338274611964113 -0.651813270255738 -0.59362569164987 -0.0877568610843304 -0.447102415890946 0.266653538417806
-0.193329138279231 0.245958160754078 -0.295435102668251 0.068680606734688 0.012489456789089 0.526134978059232
1.13803195091591 0.260961386611035 0.67193619707268 -0.220502202489238 -1.28490277464071 -0.97871575953081
0.194487321740242 0.153339019830933 -0.200049373993886 0.274246430669038 -0.126444441948789 -0.704579723169552
0.364544585018161 0.0186075886867432 -0.122735517047192 -0.332276812339707 -0.176256859006717 0.649747231895805
-0.402527975048805 -1.06316334266428 -1.05084272728477 0.285134574195182 -0.228680812517608 -3.01430073662713
0.323613953613454 0.374700792044428 -0.025149133931052 0.323006667966225 0.432091097393886 2.1482582898097
-0.0572469414485947 0.451286423943483 0.141173204837228 -0.482799540152539 0.0622292609847993 1.33871615406760
0.036046551017366 -0.0878693277587626 -0.235007652935762 -0.24510876116842 -0.125296467198697 -0.486935539405236
-0.195247045265384 0.0666061974888445 0.196008473977387 -0.00683799663031466 -0.246720936700656 -0.638614433999808
0.0187441528085409 0.75620618459418 -0.397059324268089 -0.565146011268484 -0.345958217745209 0.0371440581529888
-0.150507930592238 -0.420103542249266 0.125954723849397 -0.0820931144618085 0.48778465715389 -0.829635722469464
0.00768372802191902 -0.0681868657322937 0.0883012584836897 0.0302196330726456 0.0662540739450393 -0.234260105752184
0.657427966034317 -0.00524029713304675 0.32289696478303 0.00695604565535882 0.17160242806646 0.654819355240569
0.464667261467216 -0.331457362878598 0.610341942915093 0.363593135219276 0.199424487687902 0.405598813455241
0.0678050152965147 -0.0535818249503058 0.0790579922176444 0.0463719130085612 -0.123810935506879 0.0466059440779279
0.414583406017266 -0.370146081173286 -0.736525994556075 -0.000684517756135251 -1.00255807415214 -0.132023395129626
-0.109216732148342 -0.0163769181607483 0.311951587767212 -0.215549996204307 -0.202235304314058 -1.04078277369335
-0.284931308076724 -0.593303678239873 0.168005549270480 -0.203087675503386 0.220577015602366 1.30537945204461
-0.248055757673127 -0.0227834725721515 0.181477618532610 0.552695899372929 0.201714647062591 0.631333140330039
-0.274767418495881 -0.167185878774223 -0.397491871924228 -0.0258686507488109 0.30994833143549 0.681293848517957
-0.196976811995664 -0.326490067857754 -0.647705187957966 -0.39234317875888 0.488667032867641 0.559835343807409
-0.377493399131025 0.019392334076506 -0.179579035057868 0.327094591928205 0.265264716236598 -1.23125030524992
0.548226447926204 -0.196864879802143 0.803041615179635 0.0691031828780633 -0.444849441303631 2.63423247974978
0.347879793346480 0.271988261345152 0.155167250850045 0.217144635230379 -0.134297095016223 -1.45169566069953
0.0350242946392074 -0.21867482341887 0.0528676541006353 0.0535197672503453 -0.182831776061038 0.355604691207146
0.0181244275387482 0.0145653223495958 0.0242389954825167 0.0614558270560178 0.0905659525469191 0.505967396383398
-0.171382199155916 -0.473252482286597 -0.0356609932742447 0.228856234414033 0.961181698211704 0.430398370928904
0.0558391829299612 -0.115319212975541 -0.011642858502362 0.280008577428773 0.0411880133998142 -0.271007490499655
-0.40354781247776 -0.314562285053108 -0.478562484579102 -0.134712838229725 -0.181265888949200 -2.11245321569804
-0.152022821810694 -0.215144562711363 -0.128457909872481 -0.359572378708361 -0.257559209492660 -0.727830048503249
0.056931407418397 -0.0509304025661693 0.00915081852747237 0.17674357575121 0.250583827929345 0.733646229433006
-0.0709271921629815 -0.754596092657974 -0.0142353732768990 -5.71640631142527e-06 0.169578183156679 -1.86162898030578
0.03818697025681 -0.0246702728070643 -0.0251584911292657 0.0136148721621926 -0.0361706639062363 0.102259283495274
0.0377233421648901 0.0313755940649719 0.0690079740743016 0.036488507531472 0.0146505680049120 0.00330476694285128
0.205295048326289 0.0204246424678457 0.0486768334492462 0.101895621140204 0.234407889208091 0.319270958788268
-0.089063417758446 -0.771804570818237 0.0773008069559908 -0.407474885978328 -0.476214937617233 -2.82428587136567
0.219125284311876 -0.661423757027356 0.819368049985817 0.353469102426755 0.124638691565589 -2.1615120656552
-0.00962484983619662 -0.0235888216697914 -0.176688579457485 -0.00828631734842316 0.00564331857674502 -0.314471342800966
-0.178401350049514 -0.315302664646421 0.40516068742607 -0.158436389220159 0.0283409220935001 -0.968723116611839
0.0831734296304915 0.250747119628225 0.436806163865288 0.136158900587599 0.339103130206973 0.0745736284592557
-0.0195951422060504 -0.011623837497328 -0.0652486219084702 -0.0108404157590507 -0.079616315151296 0.119033104690322
-0.347340748149745 -0.449352775543329 0.0359185573759907 0.552235065176711 0.606968311589215 0.315212680572587
0.366524215327195 0.239969167575586 0.563193136654205 0.220416801282684 0.429777519960417 1.01858086477380
-0.235341491893852 0.464388872310892 -0.020049704753638 0.160576279183247 0.140951361372210 0.664956712733548
0.0467928416544375 0.471795525397107 -0.0893239261251733 -0.115580143979383 0.313351553033725 0.998427449827142
0.317706053428891 0.586829668575902 0.257102679964429 0.125800716091926 0.050568775712695 1.38974269773658
0.586860530967819 0.62654088062267 -0.259386382426976 0.392702864763936 0.210509655106877 -0.331684372788576
0.213609831574332 0.232078419373538 -0.75561098150218 -0.540442184080424 -0.123502380909989 0.689923601132285
0.138848849531845 0.320237305618342 0.691410474435097 0.908910923976196 0.705132245835157 -0.217433834058964
0.148691525957009 -0.153738634661594 0.302940389205681 -0.169767038068914 -0.466130994405356 -1.19635839927341
-0.732919991020819 -0.0873684743501741 0.628997692532074 0.304437304430536 0.0797903389186171 1.48480074399583
-0.259684964070232 -0.160200958112068 -0.0113431985800824 -0.091084525509224 0.0759809935096208 -0.126472408027364
0.0257168684932306 0.212004955024367 0.174870728026618 0.149677664143239 0.281889321276993 0.516600226367661
-0.162771325469517 0.253393463445142 0.178101567037864 0.00427894012793948 0.0999886778174526 0.655684197687724
-0.0186972137294074 -0.188770873450307 -0.107430899316085 -0.176985668808702 -0.136295849785403 -0.188874989568219
-0.0269779913814305 -0.00667149167935741 -0.0387933174385515 0.0264925121681392 0.0249592540561507 0.0140337234963221
0.0474730461235021 0.084884673807298 0.303712795287166 -0.26859180532322 0.188003921627129 -0.561073445984725
-0.118016547381982 -0.0270169823021273 -0.138232800497523 0.170766816878310 -0.100049114365645 0.0537706563671763
-0.300302696737459 0.0273557732504204 -0.884242435621709 -1.15198821463905 -0.460490720936066 -1.57300575499644
0.233030697480187 0.0617000589526704 -0.0425759196764278 -0.135887710546955 -0.0334074549332318 0.292478863758581
-0.31243523034295 0.0359196373781616 0.158741095732254 -0.0223653898786634 0.132314671435697 -0.54667868941992
0.308188842063556 0.573705790512957 0.233553766576054 0.180300393684472 0.0471122539867838 0.960621396124921
-0.173785496958363 0.00337468343631437 0.222470532862232 0.358861128842267 0.0364398376072443 0.177951086039823
0.0339069897226145 -0.270610992466021 -0.0780515715538792 0.160696633277364 -0.00952859043454225 -0.427044497220007
-0.0438022065077501 0.205579982616223 -0.11688454230423 0.563900907701484 0.31099316618258 2.06112053678625
0.0813366976415363 -0.103130981924674 0.24684642215317 0.0190098594180031 -0.0256103290552306 -0.704119781844154
0.284007038861119 -0.172605875855697 -0.124057637065962 -0.08773664670805 -0.249761422559068 -0.777464096436091
-0.437022761743110 0.203124457692659 0.0288037285403634 0.0650791183890344 0.0782146756199902 0.957006406569436
-0.175301575725234 -0.0786231492876714 -0.190089905013404 -0.101992584486167 -0.130503362122525 0.638976819912375
0.0425566620153485 0.3593352941987 0.192927326718093 0.0671894091696689 0.0750226043679927 0.628541000292894
-0.257217328941168 -0.322090709613917 0.246343603860483 0.126406560645243 -0.262508867056748 -1.01146860418155
0.408245193218114 -0.559588324748339 0.302310705773728 -0.0715606476669295 0.454737380529193 -0.88926521666785
-0.201561284033054 0.277176159005171 0.235470898415081 0.380727065348698 -0.350975347142557 -0.0849229057589712
0.182966414122546 0.183576742686284 -0.30859960889068 -0.0572120297052263 -0.00126622309053272 -0.253930777389479
0.149916889774868 -0.156603843299465 -0.436745843042965 0.0421470600528712 0.128286740451771 -0.162693279153064
0.0410824859574128 -0.128036958597622 -0.346360608467106 0.286944965431224 -0.414520157719539 -0.538415270715299
-0.0219813105425013 -0.413633743230175 0.149124883994991 -0.180588448984844 -0.505403442043194 -1.16764399585804
-0.348611017693604 -0.090755109123754 -0.256468261351651 -0.256689151673052 0.113844082377029 0.018139211626106
0.766103054779312 -0.00652625422819283 0.93169660279205 0.560320840963024 0.303950660729422 0.318293373724644
-0.0688400269970226 -0.103591522290008 0.0358158959531438 0.207055407293149 0.0129887765460687 -0.757488055997904
-0.165035580346090 0.661313497082887 0.128788782263593 -0.153144364357316 0.979758557487787 0.264760237186783
-0.210651808893939 -0.649560046667357 -0.373820309358054 -0.213043597090792 -0.743109061236967 -1.60643554884123
0.0200650387663378 -0.0277336062036448 0.0809917788161701 0.0548916096859712 0.159078162950898 -0.166437323745524
0.0176011777718195 0.15609893683492 0.200318896404631 -0.422030805768643 0.161559287325357 0.772609780107719
0.397320818820353 0.100703027205844 0.167928109372007 0.0871537883392965 0.354631491544616 0.933745526774145
-0.0208050907432515 0.00856438826674624 -0.0907352974431858 0.197610743878580 -0.0680437854653433 0.0954778377843857
0.335402136735343 -0.769472123718565 -0.557951554387526 0.404701171883589 0.436399252220747 -0.872198179326509
-0.25377560762509 -0.294828812349337 -0.688545595907498 -0.488963284694473 0.138832367061822 -1.04782414934039
0.420795658065391 -0.0624682461751281 0.0662853379155394 -0.0925474182055572 0.535253044777993 2.11973317383136
-0.413380720148559 0.149566449183208 -0.359323283213097 0.454061468169353 -0.230939182589138 -0.880511506607554
-0.762939870168854 -0.351383145004449 -0.289657429261741 0.334254645195966 0.392923947902727 -2.54567828324949
0.031720353195328 -0.100776192684937 0.277975898521597 0.150229204949152 -0.0725149087144982 -0.126679192114383
0.170231835179688 0.178354191332059 -0.299069750601318 0.180824568286357 -0.313829573601279 0.221575009380509
0.249707696645637 -0.121563591141515 -0.168905379478660 -0.514106314780179 0.0442123972988137 -0.456159992864871
0.195684710629901 0.260596376784002 0.138248373103751 0.198926583370656 -0.613487760194922 -0.681300158619256
-0.35165487676554 -0.19120648117021 0.161918148525758 0.0518076604142097 0.296490967078126 0.168546954647591
0.657279819822459 -0.397915814288552 -0.189097520190965 0.703263403231 0.185641898537985 0.886890686397733
0.568412327418556 0.445174040254041 0.0322273103249156 0.342501586104285 -0.192552494683821 0.850303747893785
-0.0276143467284070 0.156460469071218 0.179649917034797 -0.272103673034613 0.0793920246211288 0.320126913482102
0.381147128057311 0.132305966004518 0.454240412038184 -0.515202728992105 -0.0462589714438844 0.484640164098275
-0.0510987847248525 -0.0644332427585191 -0.418816258346064 -0.000341472296617666 -0.606412328452424 -1.08798053353226
-0.0769310848576568 -0.216137797233073 -0.273289000429759 0.102348370344275 -0.07688849016725 0.518224951111852
-0.242772001643257 0.315065441580983 0.265381444038468 0.653135085372026 -0.120413708347595 0.585635154080972
0.472419487956668 0.15714074233986 -0.0117170903914396 0.0294335589034046 0.542891606730278 -0.587072534102824
-0.32047423937861 -0.278367170483968 0.0273210709679354 0.300026899642429 -0.180729592530668 -1.63053565666303
-0.655217529839044 0.0236627028151012 -0.239587388088597 -0.435755163670457 -0.140667307968149 -0.277322329250884
-0.0287997615929901 0.00840954074963185 -0.0255259444631287 -0.000660019600192113 -0.00133325010852788 0.159378574019089
-0.091064635750965 -0.747668648776103 0.222522078009330 0.718031741270175 0.0595801383511867 -0.803942694055759
0.0436850142231254 0.0705999096711823 0.0530156983620653 0.0309225451356368 0.0263728911486487 0.00600363508615729
0.180578427543041 0.670113600193407 0.213776618701897 -0.291854514765529 -0.0823731004956647 -0.853508917919643
-0.348223093009978 0.0108458163202066 -0.336734995462178 -0.496589002288685 -0.219009841120571 0.0271285498532617
-0.286019207088342 0.263838873320778 0.389766230233316 -0.124852326937495 -0.258813110507572 0.197771253036139
-0.164558894548618 -0.0885457722943207 -0.185044878806223 -0.181090536392139 -0.120569751398949 -0.413006667666380
0.162592115760030 -0.0482010362498448 0.0288541234795438 -0.249875388227392 -0.400017354429567 0.413873370467699
-0.00970925821459943 0.221608367999934 -0.121395887448212 -0.635052392710604 0.629795908710005 -0.551517874766149
-0.0319697334044212 0.0119703783700202 0.0371044147127031 -0.142093858742444 -0.0511406464950099 0.167036763201176
0.324613850293457 -0.605675466281302 0.191683664460425 -0.199432870630389 0.50333751514922 -1.39187420986569
0.0508289568540666 -0.000596863644046408 0.329658718430247 -0.0673296559216965 -0.279329176604724 -0.359392101602408
-0.180023734238237 0.095104413609686 0.323209780585984 0.0098358180682839 -0.0993619989251037 0.210890597054213
0.34657885322478 0.25309325770682 0.26264162718826 0.235314405267235 0.317727678368467 1.12629254668882
0.118117229910954 0.111485299198499 -0.108505100715670 -0.0111067584168513 -0.174784073082195 -0.21732389531756
0.0111067575760816 0.219641844357576 -0.448185597354544 -0.117874659641520 -0.0124909991882200 0.428072301554047
-0.190826934286928 -0.597629443294553 0.827544794441485 0.136842760269766 0.000648823806417647 -0.0340429322508691
-0.628270053284538 -0.647478218403452 -0.268392021117795 -0.447608366952307 -0.0323406455110065 -4.46040616402779
0.411104795782632 0.315086561224814 -0.165723261791465 -0.334616962041013 -0.866823987147182 -0.749943568190235
0.0197523613208557 0.237090354679058 -0.039910698617064 -0.4413260651024 0.575191245085989 -0.545957933766424
-0.311533910186304 0.535537477956796 0.768110096058112 0.513026146031439 0.312528125493546 1.46275211089903
0.0937613515132408 0.0642996303142257 0.0188384479643467 0.0570217788618865 -0.0388833601855354 0.426570751004978
0.295947821362470 -0.11520546724916 0.160648200410952 -0.441993612657932 0.393940241499793 0.511560809431781
-0.0642890059961441 -0.09031251042733 0.00169977102221346 -0.0252869173289555 0.0225368384217219 -0.0921673078955332
-0.122748604172972 -0.314130306312261 0.164717321106503 -0.258808961622523 -0.154888924291251 -0.34348838579759
0.742664369363056 -0.0616233704080374 -0.152306963739306 -0.101844642553369 -0.339232367569824 0.141417060862230
0.0427237709510155 -0.137026570406851 0.167862317281240 -0.302342838789564 -0.228145360460181 -0.0907213057141055
-0.287617478324638 0.0137757765142094 -0.486105743614171 0.0409953570885139 -0.541130647883929 -0.600492485205253
-0.00511903143645701 -0.0133178076082300 0.0212648292680663 -0.145235348343819 0.215351964148313 0.705505389862904
0.250145235353213 0.0667557195774431 0.9788012344616 0.728999023900785 0.149029979479285 -1.21778046895867
0.132891971308028 -0.0245316297567306 -0.0927900924040707 -0.168057378827511 -0.442541006409549 0.309047810907348
0.0371551451578564 0.554325928764824 0.190362595731297 0.82243255544658 -0.032282476169292 1.10548771468152
0.311665165378917 -0.118267925870681 -0.138015489289088 -0.0437895623420862 0.203789331951241 -0.0536705258753805
0.43584993336658 0.168734694375923 0.675809526481346 0.294856549356704 -0.136209119511667 1.42619869774657
0.143411836994625 -0.00353888367796197 -0.0763454662262795 0.00170192714575118 -0.0230775152341232 0.429265278088905
0.0471961488753727 0.127687109987052 -0.0165262905465139 0.162504752480538 0.0711934745606685 0.771658021059042
-0.0865342127495428 -0.102772257087358 -0.161704725372622 -0.426429097364978 -0.0265859461764162 0.324906596891241
0.0475983168850754 0.383024418939654 0.304932014345507 0.00373915660592234 -0.214371823353425 1.37852881030955
0.311034479453148 0.58627726913954 0.784341412960496 0.952502216254577 -0.42140419224294 1.18966480549154
-0.188210266090306 -0.0488298492443503 -0.234176433393643 -0.27185996575482 0.301790580379866 0.626034389144547
0.406977739014999 0.252612788825679 0.123958884878989 0.0255668651072035 -0.060473438203429 -0.227089042817904
-0.220005779933806 -0.453475544497165 0.188090199546429 -0.169490915037048 0.18564604648862 -0.0853254858699405
0.0371250832817957 -0.00360697053110093 -0.109076258868946 -0.0431473375382497 0.113517759069995 0.0918097380780198
0.435691634520335 0.160876219619737 -0.0162139948645856 0.240588983867613 0.384217566820697 -0.295457213439935
0.137601121227532 -0.0159920603798124 0.333267759891987 -0.110504350662915 0.149427615416001 0.0814718463096122
-0.262910359450707 0.699859345824619 -0.140393227541941 -0.487483788447968 -0.158102102359943 1.25549307016140
0.212890204774518 0.127129525647744 0.310494890440607 -0.353598030802205 0.75326494988088 -0.122487947189327
0.160922922557432 0.0096274559730955 0.0246710123305775 -0.225114332762518 -0.0794220257361149 0.494581804274556
0.647705217109607 -0.354098082791211 -0.0695476315780115 0.183317454223832 0.496129105553591 -3.1344792953373
0.677863397890006 -0.427121029200234 -0.197674506842255 -0.0534723579892024 0.14524501414806 0.616229952923288
0.0858902572087688 -0.198625246111718 0.0975319014767734 -0.0612838667968676 0.0226109073042224 -0.850384872888122
0.281348581573253 -0.109620417689776 0.461319963032724 -0.267241236151753 -0.848641982150535 -0.794183918456137
0.346475194258064 0.0218609102522091 -0.438265815905877 0.229299605878881 -0.0470885811227821 -1.76213794862156
-1.07119978457844 -0.838135668971758 -0.323667925584784 -0.701681246290589 -0.110883248082455 -1.84992506550251
0.433778049832998 0.213167189571712 -0.109738582914239 -0.161991780317295 -0.0752195388948447 1.66464147949325
-0.328830652288479 -0.0540299808224114 0.144055062919139 -0.251506646041082 -0.269769244784159 -1.2611695296373
-0.093780584063349 0.0242142699769818 0.100336104024374 -0.0958761967748031 -0.081803323065846 0.233872161288809
0.439633916209712 -0.248331940411765 0.420681951621621 0.452857443117598 0.251754595054908 1.19163378557062
0.178399346304979 -0.994562481901813 -0.0121002815625004 -0.504626223345018 0.803009230844463 -0.402933215011075
-0.273641589916115 0.361496071908486 0.0696635947776645 0.168827521399616 0.320020875863694 0.52440157770197
0.648824031060685 -0.35721203377148 -0.18941589748468 -0.181048036126782 0.402345029267971 0.154377528910461
-0.133323825919665 0.109595648874045 -0.051088429246676 -0.161624472321509 0.0521514024591791 -0.147842300303846
-0.163896249364883 -0.039254748702545 -0.215247181790876 0.141277342327564 -0.0555126291373946 -0.997222082778184
-0.439248227111891 -0.480295003060694 0.215870334146979 -0.845896126832799 -0.304509025944674 -1.17691893053533
0.0825337088587834 -0.107152020871552 -0.0821177414297383 -0.0750766534881654 0.344465685860498 0.298049478684415
-0.350395974125021 0.275775009986678 -0.476054713500927 -0.101925213886796 -0.271288570873346 2.21100623745958
0.0618235263067444 -0.348505783396744 0.0624905066473457 -0.00502860214157471 -0.0844226200920241 0.827977130360503
0.0125386742007420 0.0716118046533884 0.0218831259475476 -0.0317478795885842 -0.0131985712426257 -0.0552647282503557
0.125718921304952 0.746096945885948 0.564463717199486 0.296267202311220 0.821518710683314 2.40920939155935
0.0868124274745565 -0.256079658890918 -0.573558080363537 0.203443383807959 -0.170574864027157 -1.22027419942122
0.00967172283541403 -0.173434211374049 -0.148883889032371 0.100648309279341 -0.176353353553627 -0.0540496201155234
-0.185372314358898 0.428036464783999 0.242431108618774 0.0254414465589624 0.464831252654163 0.503797503221838
-0.0207757993558761 0.199070505741031 0.159324627891876 -0.11389955542014 0.0868152368397855 0.625308337485372
0.119289898344965 0.201082015817904 -0.273480420825699 -0.103190647657753 -0.0766034043269625 0.387769096463304
0.0338538444135971 0.152748364792904 -0.0157997561048889 -0.245863395155107 -0.161725153603651 0.0356707914782724
-0.111730168444445 -0.0599533360843212 -0.00346878197998733 -0.0214228980724396 0.0717303905406678 0.264022157679002
0.203199678670958 -0.0988031824862836 0.174407365472030 0.433251982277643 -0.060545880148675 -0.862183015123106
-0.0761289724011203 0.146368567264644 -0.695377019316502 -0.0295416313085076 -0.895848277680982 1.36700931209445
-0.058154264600742 -0.232250403090803 0.453013369537001 0.63444142520858 0.177620214783279 -1.55406900989557
0.0299360874330531 -0.57592042214528 0.242372782822408 0.0200335963181704 -0.262432861877522 -1.47543405143047
-0.195462773142294 -0.132306465896307 0.602317978754196 0.0792847010395075 0.601304698451387 0.824098218532312
-0.609110419568582 -0.113556207999215 0.914116234729863 -0.455838064062268 0.394092267330143 0.135133356293132
-0.184692647443416 -0.52917554223526 -0.00422820306729377 -0.0865140771344398 -0.0718857028051058 -0.126998243332586
0.318280481185339 0.389228678314869 -0.113318857771831 0.335147822957115 0.140067038029722 0.248811748642978
0.141378322559983 0.0777270747184847 -0.212689065567205 -0.0263023913522284 0.100073830865396 -0.115317769949136
-0.810946058466134 -0.400039984521691 -0.232313626355650 -0.239736544611009 0.00861081827114146 -1.26851210546253
0.0497474140314361 -0.141203919744062 -0.254913685896541 0.111111615985666 -0.403568945460431 -1.08417816572974
-0.332703070918991 -0.310036049936461 0.490866137039553 -0.259021197926095 -0.57737184514382 -0.512167570739183
-0.381088301446514 -0.0299483976695811 -0.847525188719627 -0.55529220710013 0.335847335412012 -1.34020032839590
0.0327149828623061 0.195867094470696 0.355833817676953 -0.0398170317990457 0.104517506924635 0.183970241374439
-0.041023837807102 -0.109577314092022 0.0127913874520828 0.0857434802370692 -0.185156999432517 -0.255226720833471
0.073980499109825 -0.0239189223443324 -0.0910383882094369 0.103344666822270 -0.167995970520762 0.174744507859693
0.091412670073654 0.0664439032496376 0.0619813891382672 -0.00587883252319022 -0.0653127172029695 0.152371688571571
-0.201611443275322 -0.537639157040876 -0.247416251662025 -0.126141579708680 0.0994866054817524 -0.0115585504364987
0.111528936844013 0.0712591694004545 -0.106451417484558 0.434104464833636 0.324307558709402 0.73547928437457
-0.54441266710358 0.624575629933295 0.495475376379966 1.03123132593478 0.115059182662079 -0.937265069190416
0.0535999773851408 -0.0862331054184519 0.0221116226851822 -0.016536174382676 -0.0255544951732922 -0.0825285116060637
-0.0116841431437696 0.0136548338585112 -0.0595011568407681 0.0944715951811314 0.0322577230687204 -0.0314137601942245
0.0278839775675283 -0.217292124182306 0.127069649709353 0.0250653286018246 -0.275105817299983 -0.276053952523736
-0.359266758807099 -0.244116966836165 0.855957598604679 0.722008484394619 0.625972413290606 0.419573081738079
0.00695218252223332 0.0927774486345466 0.351158434584594 0.66714784958775 0.347875573482867 0.552166927536743
-0.531081746801251 0.286465870589961 -0.0506439868065478 0.473578132864602 0.178728988132345 0.620913381164584
0.05218885719587 0.0945160202995957 0.279577511471681 -0.111552960789979 0.0847346897869703 -1.00493293850438
0.099968659342316 -0.00646531375517577 -0.0932499325818911 -0.064490369227946 -0.248300179119576 0.175548605244009
-0.120132733103380 0.162217069589246 -0.115606475996047 -0.454106905763475 0.186352279295757 1.17579544303254
-0.82324173187133 -0.187071016306072 -0.396331929279062 -0.545330966676413 -0.953305523521575 -0.98372518407137
-0.107377151240841 -0.0470365279769005 0.0178532199545664 -0.0498507875024982 0.105066728678478 -0.134646528383272
-0.470211841727284 0.329160941516999 0.355563667262417 -0.212932169597325 0.0991305642952393 0.771598139216266
0.0924330080501465 -0.0115524289988206 -0.089237060031719 -0.0510648458619497 -0.0386201428049186 0.200764213464443
-0.0304085565086407 0.0560372789905334 0.228564411751336 0.158609307375541 0.0112616894617002 0.00217626647519897
-2.51318305304678e-05 -0.0494960975070163 0.105220963327306 0.0471362077808905 -0.0941636649486585 0.00356373605847785
0.474372242804681 0.0353166597985093 -0.0388777533839921 -0.441613731245447 -0.208501236020058 0.20458521323557
0.0461632242316882 -0.151137322525103 0.0869011046521046 0.0274379830283675 -0.0533037663387458 -0.281402613274253
-0.84512721364021 0.455554738446821 -0.116539624783352 0.0515422429260073 -0.449454721291783 1.16498335441003
-0.947382770601325 0.0976586599058496 -0.182244747785879 3.38130593938801e-05 0.194993708396096 1.87853695507561
-0.264737735412254 -0.117516918130658 -0.308695883931185 -0.107804797137094 0.0272845936267711 -0.429471307187934
-0.0256650023759867 -0.1691895259859 0.148793689979892 -0.0914474501827504 0.239949841502907 -0.413509860723727
-0.0496589529549537 -0.331165219531888 0.156772309473785 -0.366435672659946 -0.00329105139586982 -0.861183598136876
0.10311814195353 0.62213659210191 -0.0621904550474632 0.531449576091085 0.210275819890773 1.50097896628563
-0.0345333927928859 -0.0452769760609391 -0.00626804896764343 0.0954903694912972 0.122628124869607 0.116932586801005
0.352910564006208 0.151163202339974 0.346630039076897 0.122101433832368 0.195292595983816 1.67054337411001
0.618713888594352 -0.103201456424507 0.74918460841083 0.482531867412842 0.0645054979383559 -0.173349966926017
0.357815491082635 0.753039219880657 0.214127007913916 0.253431937116697 -0.130066836618091 2.82525923985728
-0.0936814244327348 0.248258251302247 -0.228879198105318 -0.425245488063296 0.0732720309645115 0.162912179385970
-0.358005690453478 0.0296255185652660 -0.225750825812443 -0.116959418533072 -0.368706851644023 -0.187498155994813
0.0212318040296677 0.437284081232172 1.08329322978257 0.628070270351329 -0.133238380668745 1.39949516136793
-0.0864426065546684 -0.87003103243735 -0.275799278060988 -0.522885278108739 -0.619506998371167 -1.89989501877059
-0.190600296303543 -0.105207534131212 -0.0321619810213743 0.0715409814892759 -0.00621815556741846 -0.72622981431483
-0.0762884455043975 0.00581882577583976 -0.328648440935802 -0.350328408261232 0.0589182630773211 -0.255659973128913
0.0242328151161196 -0.151986415567173 0.325068217145677 0.0912490882135163 0.0796625171692319 -0.572084323134215
0.486662087015664 0.067769719841493 0.056995673303131 -0.497974306743533 -1.09003817816074 0.87868550697385
0.402482310826707 0.523701256238728 -0.175325781640719 -0.290254729782544 -0.357850219221998 1.29608433791525
0.093941234019532 -0.252283606488564 -0.432224854115156 0.0402068855993475 0.725608338372894 0.694656879317176
-0.121115894022220 -0.0265889284896165 0.0697624907370639 -0.0312982715112553 -0.123645706972066 -0.0392797941304249
-0.121502018907199 0.0736468016144419 -0.185319336874032 -0.103508135837426 0.333216830520941 1.64559559667895
-0.00289416027223457 -0.124340774740366 0.208988142410456 -0.350724664150389 -0.214011938139475 0.847250010129336
-0.578049314584345 -0.307710240544414 -0.116755035317210 -0.261593243281836 -0.388258066297881 -0.787794174881477
-1.14738922291256 -0.870693845676621 -0.0360000004780329 -0.38628827846309 -0.518162948860214 -0.128567226915658
0.272472744924767 0.475578046821422 -0.168086524936737 0.132764258295428 -0.229866461164474 1.72715306372383
0.593892950107665 -0.143708668342128 -0.559626030218795 0.00973436668945703 -0.0676540218666255 1.54990358129315
-0.289959313038232 0.23834897299647 0.564348917736169 0.626329841529376 0.0160413162095201 -1.75054850704861
0.00781309343609193 -0.426500965849768 0.284168543458953 -0.0083080481729562 0.00181452914642523 -1.02774629872816
-0.152365414283009 -0.371581863314205 0.435755772312491 0.244842360994154 0.854213938972983 -0.171190042292559
-0.184934718126237 0.0533213722867801 0.257192289916339 -0.0476102165207174 0.774518913100997 0.432837453432161
0.402284878211045 -0.0711030932215895 0.0299526785569226 0.0100923106888347 0.297687411787470 -0.0450216536125783
-0.00714720993043325 -0.283779969379222 0.0946640334918572 -0.0539373576465767 0.0869786836676827 -0.495333975953256
0.154779579997398 -0.181878000558972 -0.062827957351952 0.383229975051351 -0.0411363765108301 -0.72398401638381
-0.0995331579299445 0.0336825350729806 -0.07412546622262 0.103105843228850 -0.0659695597807145 0.0955459104377215
-0.23589721895041 -0.45575348847641 -0.130698748440922 -0.315209990963457 0.169439912542583 -1.49007553290027
0.344610794017545 -0.00666756043297732 0.253867612313592 0.389424817326115 -0.411972052507171 0.287516444982070
0.422880465613638 -0.0785938611911582 0.314898369060768 0.0218076668749477 0.0259437959236198 -0.425137061827497
0.0996210191832249 -0.154401463435174 0.129727384699063 -0.697725425895296 -0.148521538885012 -0.114023743634562
0.102290590936278 0.081501996089054 0.226139783517859 0.207582781324363 0.376940550603594 0.507285266868761
0.00470340928960519 0.0559897665767869 0.0372584024573364 0.164561585144335 0.00877561342196004 -0.328087410043476
-0.589899748031051 -0.0981434275187427 -0.024815574852793 -0.291118499219027 0.335422572096691 -1.01485579504455
-0.00826284302128966 0.092627025880605 0.0401146965164464 0.0277488287420293 0.0889729463524231 0.313656441843178
1.06955481955488 0.385555120402511 0.657628680631393 0.16837722596386 1.16200032610075 0.472963747260047
-0.371627048258602 -0.125667012885053 -0.0636028081972496 0.152141161277676 -0.263690595243381 -1.105176033074
-0.000375190930645002 -0.394952886962126 -0.41454362552776 0.0450008054354011 -0.306497772834639 0.516668234921978
-0.159945461414093 0.131116235729362 0.688746448761822 0.23874548988006 0.187318275884527 0.931358350678833
0.154537008576817 -0.0174571357395822 0.0439679076601716 0.336281292767096 0.0398178560912578 0.510085242264855
0.0140755406034004 -0.0707782138226432 -0.0836857626911122 -0.234953998399678 -0.229532609967881 -0.223503908815117
-0.520050041931073 0.079911690529887 -0.0138964143286379 0.229558588062194 -0.144534289364329 -2.19397620069447
-0.143099841007276 0.219493892154198 -0.422556715294465 -0.0499414891203519 0.828744415044923 0.662429276245682
-0.0311752026386512 -0.0233803183672199 -0.000279855500247114 -0.140874026910808 0.0298598287903143 0.0490564566831159
0.611425052428012 -0.290228404644045 0.333241592351838 -0.0100017291865310 -0.223430103608438 2.04618854556707
-0.149154059797458 -0.251091610067858 0.408918289177296 -0.474277200632933 -0.273389119481389 -0.548820036084392
0.273803409308733 0.483806552214368 -0.501311864477552 0.143188792637029 0.097216504660093 1.05695374390086
0.432066249763889 0.243997695452414 -0.760408948579468 -0.426694394092572 -0.451713778066382 1.16240614301413
-0.354344283340831 0.0937856050883136 0.251435052085591 0.274845153726961 -0.160257703237509 -0.925018318630146
0.158980795578191 -0.00451084241252649 -0.224153828538226 0.144055142594294 0.0547050899295883 -0.523687788638201
-0.306510157435320 0.113041201448902 0.158372418876765 0.466675297054754 0.144302747287325 1.07391197066464
0.0904842365024736 -0.153279905655995 0.0229914165766352 0.210531258114848 -0.0409526544813082 -0.115033440793532
-0.0879503320868219 0.397961086670781 0.757115657114444 -0.0307801609881438 0.324596520184579 0.305673668897553
-0.0164621708448858 0.547614915588026 0.466264840595858 0.287099582295592 0.143229621756924 0.326771303546478
0.506131972144409 0.270665531190608 0.138947780495460 -0.127684604031472 0.181310332918631 1.23769960485616
-0.178312416245535 0.209800270701564 -0.0587468265307752 0.0990339604712445 0.210869738640744 0.0332821300604089
-0.318285056211789 0.702707827833357 -0.440370200449581 0.134107745996319 -0.203698574521871 2.09652043890309
0.106341121898862 0.34989970649264 -0.645699354785905 0.105918535378789 0.144716860078035 0.791118543414016
-1.11779747311544 -0.412162070662443 -0.0444058668952233 -0.605793965063255 0.0760474679820015 -0.894428738420737
0.127686984973177 -0.197302352319714 -0.0224397971449867 0.212175057064 0.107823396378738 0.077003949192711
0.479203195986879 0.0192830281087928 0.144718672589649 0.31839284672445 0.0521167103480842 1.05387719112262
-0.0100572420340446 0.0471065577589832 0.00634623028749923 0.0751946226580715 -0.212527735869775 0.497240338829316
-0.220838269631991 0.0947025166032223 -0.166097676157963 0.279672967398496 0.758182724589702 2.69312371579146
0.239198311007781 -0.0851514880271491 -0.589822987439202 0.0739285553862319 0.110566055705624 -0.453423546255533
-0.0518917999741146 0.0864543775816114 -0.0362542167742396 0.211113966582837 -0.0623423098879154 0.808162105318254
-0.247190113740822 0.0821741206924886 -0.417477045175723 -0.263999226278801 -0.441230568859771 0.954003997634439
-0.287648832879461 -0.113013171844514 0.250117271592268 -0.00840074548224528 -0.0512606247858136 -0.307792937372371
-0.269418748567010 0.187153631697597 0.06843857390815 -0.269984313429541 0.0886115738087713 0.415451911154978
-0.00914237609468603 0.061260201308383 -0.252767256608079 0.307697299426086 -0.178798955834546 -0.184351788390748
-0.00547595879000234 -0.0925040742634509 0.246450187681581 -0.0736950302331045 0.0325534986026994 0.440113312225752
0.151762351454579 -0.151793289806390 -0.320424355372395 -0.508824644301783 -0.152392413236355 -1.31970524187929
0.0419221819806281 0.130766240611202 -0.501081179735787 0.0823590680958832 -0.419760495847528 0.202380383225005
-0.00464329240981424 -0.157400444281645 -0.127748949614007 -0.124253066506057 -0.0228603577164790 -0.801792796157767
0.361314534049234 0.0742630019801151 0.394456101293849 -0.000196637713686371 -0.224485207801159 0.556051214738398
0.560500681092026 0.522843774856293 0.452334222617436 0.118368082576122 -0.229708186875059 0.91092080169507
-0.0478106750257896 0.108847472248955 0.0522236249303471 0.120062575992348 0.163076954881615 0.486645724168852
0.268275975635688 0.393707554165058 0.591615683899842 0.359208415967128 0.074563329873967 1.48392075721627
-0.478111610345814 0.0792541083096105 -0.0333283426566624 -0.383208338239051 -0.0382687265660579 -0.209847016393181
-0.600502704865661 -0.201848286730460 -0.652290572595585 -0.513152520349788 -0.581400009259538 -1.07098869879038
-0.266304191512425 -0.795647472875767 -0.558876449581568 0.335335429805687 0.0441885376018658 -0.333463303028479
-0.465187080865075 0.0365796131919724 -0.440458968593993 0.405881223443705 0.0304458439395112 1.11242059183885
0.142439098904605 -0.234138226377688 0.116329708083968 -0.0389944849542595 -0.0964955501114418 -0.395379381668408
-0.0548598883030065 -0.284009992137393 -0.499160125020915 -0.137496873915271 -0.502449702302153 -2.08440485153199
-0.0230537248154742 0.000897101618531475 -0.0846497178405187 -0.0165982698500937 -0.0702138174931507 -0.0350807422430447
0.312930025400466 -0.624570140631146 -0.317828414008063 -0.155047197964796 -0.33699103787802 -1.51201411050856
-0.3578035392428 0.108535936989506 0.093478663085337 0.15996746129438 0.597897830509521 1.41757488765835
-0.356716816827552 -0.412319768608334 -0.555282929227444 0.566527653974777 0.115472293355310 -1.49493988066037
0.159346280471661 0.213967019908286 -0.15582595922562 0.713344756247406 -0.115284346057957 -1.95622089397629
-0.162454838513902 -0.587524714819901 -0.135936485611624 -1.15278730607261 -0.367464721173934 -1.80324148660526
0.161806162857988 -0.904565426332445 -0.310656474892248 -0.912948787173387 -0.268943410396875 -0.818747390875213
0.177591044782627 -0.465166842968902 0.335367725851848 -0.0926842405432451 0.428143329074787 -0.504508929733515
0.229841036473448 0.5736731080205 -0.126100860213111 -0.148549293593464 -0.175315683501325 -0.071358487703304
1.17882264470856 -0.144348453324589 -0.256010321451458 0.7321223261118 0.210897692302145 2.14960285291176
0.0186870047928999 0.0233601894554164 0.00104759103238391 -0.0119577594552986 0.0704190736920797 -0.19183675430643
0.283754596936635 0.14690127251215 0.229357513401059 -0.575823874860015 0.267754608981201 0.935023765298825
-0.0418717720440702 -0.0534566338123172 -0.105904437956077 0.0361030312138022 0.0671522664399787 -0.198544161981269
0.341069794093271 -0.357918356955841 0.353444615976517 -0.0670008188648086 -0.31567568520116 -0.398047776443346
-0.376383434017333 -0.145876246073114 -0.176309630001937 -0.354424622738214 -0.271427531258593 -0.370488069416244
-0.0630753525182683 0.00958510453264849 0.0525235306369738 -0.0114340584767997 0.038843142221285 0.0928466307662373
0.101537805341166 0.124224962044561 -0.0855885004692002 0.0422433296928717 0.0861260739483931 0.210642115584658
0.0496631658476709 -0.175991042432521 0.0450137904161435 0.0855501336449655 0.0192164207576375 -0.356523546393106
-0.0930529283180291 -0.791581645368149 -0.0538726458313484 -0.0534210263503854 -0.0362440013650115 -2.00629382794862
-0.0891375558971559 -0.00172377895961700 0.0681044530897193 -0.0112535258924514 0.307276437650989 0.377604679896729
-0.144112800152873 -0.0906193783029524 0.177692149016093 -0.0463540293763291 0.119318661436474 -0.603622905255687
-0.344351634680095 -0.162181743269413 0.223591633341227 0.198161233410566 0.621163229871965 0.263382693425494
-0.0556990155442325 0.0108594119298584 0.231202027066138 0.486733402721262 0.467019984981992 0.109713828887999
-0.238475682491507 0.206709374494935 0.279770713816481 0.0489786438354038 0.162290612753429 0.928851743926859
0.0316853106286353 0.0072153259685005 0.100159334067353 0.0820105124654118 0.101377497619336 -0.0278336004414281
0.106829630989118 0.0317282390004420 -0.0669412963787966 0.333377106384447 -0.073489599729202 -0.57860601996288
-0.14329805170879 0.0461856304805935 -0.221211316400809 0.860903301526854 -0.678261089987605 0.50610029169327
-0.234548048619738 -0.329866010502599 -0.261401295725951 -0.512912657674534 -0.96004571878861 -2.30424826902471
0.364963204375482 -0.134084977636905 0.262009391755977 -0.163716829092127 0.0335178873215030 0.96227863607817
0.0718270399236263 0.21270359037765 -0.058543031891816 0.18168401050958 -0.0890732365038813 0.842470972350167
-0.0212617853599444 -0.0297967798898213 0.00789117235756105 0.0222667482440061 -0.0566184468786447 0.161652152003389
0.396000901868623 -0.284481035095759 -0.115727744277551 -0.068566899745672 -0.0580011725493535 -1.11821568274988
0.394248160350149 -0.0704636920879672 0.574924264745394 0.0208267534980917 0.434232247662166 -1.07299284429367
-0.334550204061356 -0.0235463155015413 0.168961431095567 0.0936187506459564 0.106976549890490 0.716390123752922
-0.583023635499207 -0.95351559863918 0.333719644365881 -0.345776304753271 0.152943390441092 -1.32468868352395
-0.0521859556087614 -0.0240571087338268 0.00327986086043955 0.0496607949221444 -0.0175848155044264 -0.971756539393122
0.0994365057566816 0.141827428286777 0.293658900888274 -0.025521364561714 0.212242101716881 0.485506034557362
0.140583006604797 -0.783435964677511 -0.0352963496281795 -0.652990348845113 -0.148692336056808 -1.53407037928374
-0.0761516892248557 0.184872890281984 -0.315486058794321 -0.267883279785035 -0.485020861984383 -0.488249717865752
0.00262156281746441 -0.219588986230483 0.140310130880525 -0.281716884474830 0.056098445054106 -1.49510682684692
-0.234422536801073 -0.465485193663377 -0.473084231771659 -0.221066199141469 -0.566280652659375 -1.70547503074079
0.0353227325442999 -0.124606104111339 -0.148650347054891 0.0466349774058088 -0.298750251374699 0.289535004992931
-0.31351446442478 0.0526939117999591 -0.412897665252527 -0.376018933924049 0.349833757119785 0.995180974902377
0.333313318399039 0.0333012750241178 0.322231870713040 0.722813621570721 0.671993919153659 0.434501496121554
0.47336284586956 -0.285606088545004 -0.0585471374849113 -0.0337064079925911 -0.391858922732422 -0.695171405541659
-0.0668025103164289 0.136969687400826 -0.173100552351053 0.159293672458588 0.00836912364290058 0.600387390414201
0.0966179383080066 0.0379174822408504 -0.00649231963104415 -0.0119957499644312 0.0210109730549829 -0.191882501573327
0.40053776821391 0.36825089213417 0.250494733639663 0.272880037402597 0.185888201315028 0.429138830282292
-0.0774195963911089 0.156512739840530 -0.662876661113015 -0.399415580652089 0.367934985149426 1.22570236380622
-0.0208917671805076 -0.207581753681688 0.098614549106101 0.0226661021434665 -0.0798615416533243 -0.238783274493715
-0.121189990309782 0.555185456398176 -0.182321580379579 0.446734428918783 -0.0544692884414304 0.6309780213204
-0.0392253970805604 0.0146848861632102 0.00723046030816821 0.0114909634962124 -0.00191232153448426 0.098813652291824
-0.220750505066273 -0.112416773255644 -0.369303096800873 0.178629638709011 -0.064152166153941 0.739432683151281
0.177383050322135 0.874358723637296 -0.374209063255565 0.374132257379147 0.0865701858587745 1.49222886538857
-0.0196974750414291 -0.146496093864749 -0.0537707081739976 -0.683574090726445 -0.259345565230982 -0.107617092289333
-0.220774697745176 0.313456803004201 0.634975276200822 0.0558005562877371 -0.00776136506505172 0.446867434478247
-0.0555966131264437 -0.072013606449608 -0.0879181328933781 -0.0666533273071943 -0.124734476527350 -0.0494298913620826
0.200406745705438 -0.0727770186438187 0.077125091617797 0.0725512945069176 -0.181616605356130 -0.866630114403023
-0.206641159690225 -0.0202749125674124 0.100457906192428 -0.337328452343619 -0.0964906659257933 0.281609531686167
0.459683293919168 -0.0412762683929415 -0.0198735305610504 -0.423937671641279 0.264301483228047 -1.49042064398639
0.0106613009738147 -0.0584933233477395 0.216507825353755 0.062187795589644 -0.0966486720391544 -0.94239201923561
0.222737278389490 -0.253413850048133 -0.0494034128537744 -0.0970735283869266 -0.20893158881614 -0.702553692852136
-0.0368777184943211 -0.369436544844201 0.120834970683733 0.175163277787171 0.111840234710937 0.0576207764495136
0.0427782718883024 -0.114299452287038 -0.0522183192960696 -0.0163842907250627 -0.0835429465473859 0.55238036730372
-0.528528000377735 -0.326131814230267 -0.437628311949696 -0.399757264914568 -0.487408639539012 -2.11728477656996
-0.0878905965601543 0.233267426757914 -0.235544076846807 0.375912615566717 0.242052848265410 0.28164838346896
-0.0982658627506687 -0.222401573664714 -0.106213142991579 0.161555882276890 -0.647156552777875 -0.292521011938045
-0.0569612480972399 -0.0243777298843934 -0.246068410900758 -0.0766824643514277 0.177867273581744 1.01125308377220
0.381383973739014 0.19030930407254 0.355482771087112 0.807059389094315 0.445582541448284 -0.0637343094555788
0.111497651521349 -0.0198571594391185 -0.224707684940984 -0.147436794293187 0.294167900093776 0.846469903689835
0.264910827556607 0.347855493333431 0.518629271007349 0.203548325816709 -0.142464741970382 1.20251695523118
0.447533363209973 -0.595867453083084 0.256707695429825 0.183398380062335 -0.245712452321341 -0.268220317801755
0.0231660458787621 -0.0845092691865129 0.894433034308226 0.439527268618245 0.126045538326849 0.56542820634068
0.118566750901074 0.078162132060128 0.218930288014774 -0.0156149833829084 0.199935289122846 -0.0414835532211695
0.121502142422997 0.192720257490726 0.0498888460848483 0.113609726278015 0.079016798252464 0.511352376478999
-0.119097051472799 -0.0557190670822974 0.185915936833856 0.229985087675707 0.0792308264303382 0.4737071786104
-0.063509466296476 -0.538850508667667 -0.122619238519539 -0.197770577984903 -0.128372953406008 -1.47536517141337
-0.464283542271262 0.349739247762340 -0.0805422318863359 0.223943092489677 0.132984559039404 0.146747643757375
-0.475580121437364 -0.137415394308477 0.0291809406204525 0.526750509870072 0.234497034951241 -0.848541393355815
-0.113105881921624 -0.374261190333846 -0.543227981763568 0.617316225990679 0.027748039756701 -1.58694879779470
-0.407410177696651 0.198563197495164 0.0970326136721208 0.124426890419944 0.0860817078400038 0.318460659476062
-0.444996128704898 -0.289638452656521 0.147906596647612 -0.0589445412979377 -0.0365459233465548 0.292450711091415
-0.501526640485818 0.904362623225745 0.275905449412412 0.0464119744771765 -0.0945750574190348 -1.54863795451369
0.406533684459549 0.217353668364102 0.188211304890853 0.192506246801152 -0.00310884688223831 1.38517090929474
0.0994617734500537 0.0858564281373187 0.0364011537072951 0.123076869179766 0.0298600912847196 0.10668910684012
-0.142084696581400 -0.268817825709181 -0.227657178606501 0.355559577042520 0.427727385736075 1.63041828633158
-0.108875994820711 0.102779586829871 -0.0611789626209684 0.411140154274721 -0.037579707980334 -1.78166188072699
-0.00689758052283971 -0.0790539621544899 0.008539512841158 -0.0372649060922768 -0.161842775448368 -0.891984315287097
-0.382992032686822 -0.302734073993013 0.672620926402473 0.0238063559723769 -0.00249676945046243 -0.186894875541997
-0.234855262040863 0.139299664863033 0.128743845925401 -0.151346625973363 -0.177122005621040 -0.692996558412468
0.543185587785613 -0.224669444614333 0.241465925584656 -0.113482747131356 -0.532562592691039 -0.615917767365346
0.0276036231195406 0.0344176088227103 0.0691311646371583 0.0445989623410298 0.0794602791694393 0.131326513655625
-0.296355783473338 -0.407509030860064 0.801831169316725 -0.430079260611498 0.403904185122997 1.32948131590336
0.00202164685440912 -0.0107373704640960 -0.623882844945643 0.268411465714257 0.0498607237348361 -0.840519480348404
0.287508910539989 0.289638577631849 0.290928312949268 0.0691404866220998 0.268531375611928 0.85479421096794
-0.260071314072656 0.12890816493202 0.173456922829816 0.43582952915347 0.270304488157354 1.35652529255014
0.08997117165665 -0.190903294095010 0.0126388783352605 -0.185467201386350 -0.00606210567784877 -0.139235818414955
-0.134707021209328 -0.107974722432474 -0.321763816724436 -0.214313076619993 0.161207708728465 0.0486199615477246
-0.365320460789817 0.228454534349307 0.231562803604521 -0.231910947852465 -1.10326349396683 -0.976360758152342
0.150776112973254 0.335501421847611 0.16535101244887 0.43187715273538 -1.25432874199414 -0.421076989580556
-0.633529031527958 0.0535581811820448 -0.393528262291869 -0.129599235257245 0.0417027859265084 1.53725825159575
-0.391399518589478 -0.469742169613202 0.932825444192321 0.873244682596314 0.85202065504184 -0.636591189374085
0.0148287534806682 -0.0736539941591984 0.36150306395141 0.111034853582088 0.202932896396196 0.376824843200051
0.263034697029144 0.100498243561553 0.119757867581851 0.255607304589577 0.549645290481949 1.56310484756555
-0.0933516294131535 0.0656925528047302 0.128078370041883 -0.276610367676834 -0.0905617289095955 -0.059761953785946
-0.879249750859482 -0.184879578527246 -0.202293677664789 -0.341831491482357 -0.377955316541177 -0.65093158419885
-0.239382153955105 -0.497538157890158 -0.145010390090966 0.71178907211639 -0.729362092800208 -1.11523716129845
-0.048526482248453 0.268144119264723 -0.105077460541332 0.0751577685059653 -0.0160898853060353 0.359058676048924
-0.385933702098003 -0.294539706819883 0.112652831671934 0.491945502039271 0.163285031294259 -0.907837557062475
-0.845770153711912 -0.377640614808484 -0.351947989281024 0.336063845391607 0.216511988841568 0.773890774631708
0.55843062568001 0.382672125303044 -0.151644985911888 -0.514561967660049 -0.353268130133181 -0.489178189098401
-0.0423175165987757 0.0735166081359253 0.317887177027964 -0.231123192696265 0.104660607324766 0.401305514138117
-0.438562804962299 0.599334054288619 -0.767892095097878 0.215783908547486 0.451530675544531 1.4811272504625
-0.0473557158624640 0.194789791727673 0.0569965542978433 0.540159555696932 -0.380517602914015 0.572958936398181
-0.401647661918542 -0.0965270968585965 -0.214660028877136 -0.0319943699534315 -0.287969379399665 -1.05923588672831
-0.0212824272424907 0.000328718644216318 -0.0917839157119207 -0.0313318355959588 -0.0364920438399346 0.223638605756068
0.120585119557494 -0.0191335687649100 -0.0601448533099511 0.0898025762591082 0.109606166827931 -0.442710327728941
0.251893108318864 -0.119298978297226 -0.175190785952027 0.256859868270815 0.362650780310421 1.28752159329721
-0.104320614330120 -0.0658926195002745 0.0662125864190971 -0.72522133164031 -0.158470824936451 -0.54004636396732
-0.179361976393536 -0.520293246092558 0.078027514244607 0.335334035792696 -0.263129421432938 -0.528297762182344
-0.042770435345422 0.0292892645555804 -0.0594697068334763 -0.107215610117306 -0.0554529520825418 0.0220713254280444
0.0166754598934549 0.266052121882512 0.0433906434585378 0.288009123471604 -0.0978573215635185 0.499965857447202
-0.0944320417849293 -0.189383406406743 0.472322173904815 0.201919400049821 0.222810072649424 -0.150163183000631
0.0524402076481533 -0.354336524268053 -0.110676749857198 0.192277632098255 0.472834051048152 1.18307006239865
-0.00698283311201569 -0.0273891208394389 -0.0297794370644939 -0.0196556775972479 0.0360451583939354 0.145852584342687
0.392197186897161 -0.0472981010518035 0.277133057333349 0.343157612385624 0.193053982003747 -0.0133896320037214
0.473652670259809 -0.344043010203278 -0.305756823969495 -0.569416902181488 -0.740776911866563 -1.09679904292532
-0.291265297083173 0.0209556475308266 -0.151493894316251 0.0934819298887572 -0.187022117098548 -0.147878189601699
-0.189208475965753 -0.184763763188457 -0.363885053316313 0.0341235597704991 -0.129722088114099 -0.816111526258506
-0.170395796357671 0.171253423343255 0.249692875584833 0.0623507307257749 0.0099039548704495 -0.0423746472725107
0.0799007979480203 -0.0230569867169377 0.155022026841976 0.00718198633685232 0.115834274233384 -0.256576638412014
-0.506599646782495 -0.402305742399073 -0.228923181616096 -0.126631523931748 -0.00515584270105055 0.124636591215069
-0.00912144836695893 0.393251365994732 1.61750393508465 -0.0388550298747734 0.523045136848463 0.577630810466858
-0.563815306980664 0.58060540271967 -0.5866313481726 0.411511859338974 0.214282241331724 0.89444026034453
-0.0622491537146619 -0.296299954427112 -0.0419158531604287 0.306443953699190 -0.386032977570263 -0.334530080816587
0.103693197937612 -0.204218793798946 0.134380049130656 0.093506994888014 -0.0955647261013838 -0.475194982124714
-0.315565868243031 -0.0920250756837828 -0.141108652135681 0.148922853791182 0.616312041297244 -1.10180838456429
