"SALARY" "AGE" "YEARS" "BEAUTY"
0.370397113805496 16.6669949984588 3.14845501638744 78.2514927035872
53.7247893460642 20.3470724971492 5.50688558683465 68.5699855743031
1.46015912151482 18.2030711171246 5.33074844949891 75.043759221687
0.0243340064019064 15.3562645052896 3.84008791835804 65.142527381697
95.3380701054592 24.1718318248257 8.53205041753824 71.7703855777287
14.6354778916977 18.2602249580524 4.39315845817117 78.0522391879471
8.67333220181865 17.6986083719419 4.39663305374331 72.0681693335815
2.6492742866915 17.4858901814074 4.1107346686776 75.3274486932063
7.54732263889327 17.0695396622552 3.51507735351144 72.0337433601905
1.20251466891952 20.0768865743124 6.8287270101167 71.9313886873001
10.1643601348222 22.7691796468794 7.3210630556581 86.2037199144646
19.8752780995982 21.6882385718167 6.15888065777117 76.3206876130262
0.83850470067228 16.7242809412882 3.80026926837977 65.4377763273516
0.160111094437608 18.3879575512936 4.66079773296982 75.1317392057372
1.48967869947207 17.3192493369082 3.82621860505662 84.703447022263
3.59522950775382 18.3800673112379 4.82782665910086 76.944198134411
0.644324633956858 18.3326606161972 4.39776731758605 81.3762498751389
4.64669483989597 12.1705917747880 0.433925810691136 83.0788454272685
2.97356425307029 18.8909365368149 5.04592254861645 80.3735400174498
25.8635088501284 17.8024411430298 4.34883460256087 87.9320326563551
0.161379081339532 16.2368770416928 3.48740735570093 76.8480958938918
0.758498953145503 17.1950409693465 3.94589434874534 82.2959607749187
6.41943089807439 18.9911378155939 5.23798332408895 99.2214128589828
48.8676623047441 19.1145060406884 4.95102690210515 73.3262625629502
12.5685853793517 20.5382184901921 6.51889966911817 82.2645386819722
16.9661009934363 16.9401934457923 3.95981984460815 67.8413856475417
4.30764798163594 18.5499203102042 4.99856956202425 76.2717997749377
1.23400536162356 16.8123463835731 3.69895026286264 65.0896676697176
2.8639089997816 16.7827781205498 5.23519005435811 73.2919602943305
1.52766950359176 18.3974419201525 4.60995076662782 77.8391228151471
0.149533412633297 16.3724366112358 3.62146280226037 61.6345274783705
17.7644182708064 23.4321205382241 7.2719371533563 70.0826353395049
6.12517904082638 17.3976948388937 3.51768617306379 92.430004838088
0.0929188780960984 19.8151681695987 6.1378894174211 89.0213239955558
1.91044060563560 16.2427497391387 3.38882986059963 68.6104002242801
27.3294500664478 18.0762370350363 4.36976716599094 81.2646927226487
11.9172681082337 18.0527444681967 4.36804891740541 78.7110091215172
24.5853884046237 17.3280010788345 4.31636013241567 65.680042741833
1.06236340185895 18.6504530865411 5.32466806213951 89.2698304188158
4.35997589401262 18.1385771632833 4.57983295621551 77.0201765129977
51.0251638744197 19.4620010993921 5.18727479592139 80.0014122693184
5.17284955292640 17.4489716178669 4.49248268939934 79.123625045951
8.54978222033117 18.177398344673 4.12726092145907 79.5661279766922
7.11757056814822 19.9793641762294 4.75922732256208 68.295000407439
29.294306618862 20.5670576068958 5.76324010484438 78.7956014784195
7.33433161185892 18.1286803488045 4.59301516284661 77.360945963366
19.3773703005374 17.5102798712479 4.36881766541535 72.9072464177057
21.8655352264956 19.6186554143320 5.12077875805100 80.2473934463495
4.82477306738135 20.9452489210357 7.22865729620517 74.9839406587322
37.9863829163756 19.1160239470318 4.84235081056066 75.2788062364337
0.353461236689881 16.6852224745825 4.49353064091042 60.6233060453829
4.7603669160032 21.0615298905121 6.76126750144631 84.4274236825522
11.2508257627016 15.8403448719873 3.04305864834919 85.5788605541958
0.43477902409406 19.4152750829486 5.87551402609661 72.1643955958188
13.3852579580503 18.5068237296085 4.51993967201214 77.5467828745662
16.6840272009924 16.9560949809428 3.71811245986295 81.1554774550947
22.6814359907457 25.2896557465240 9.93215755054396 75.422054987409
0.181707282556622 19.4737402506532 6.20914718951009 75.9518371500144
13.2256373485027 15.2055461959898 1.72824069953689 70.9607310555562
6.01242840308411 12.4197263016837 0.965666364841546 58.3010649753834
0.964021720097389 15.5578895485854 2.90204765184475 76.6639766122029
0.00239593851975316 15.2986627962473 3.12791257227386 65.0333387778631
1.06635845018228 13.6763965089799 3.01528305900578 62.3948480596298
0.260037986999928 17.6420157474487 4.29556122395323 73.7049005502337
18.5255055205156 17.6977067639133 4.7269553316853 78.653907693877
6.27702001064181 16.5603863759679 3.58826994836554 74.4766883598505
9.6734104170523 14.5953681109581 2.80991505867065 58.126797570152
0.68910573420496 21.8736981059581 7.06686467606277 86.2406068179396
2.26393386548445 17.3262251840208 3.98329549410246 76.1090157730899
1.82778992872251 17.9009477682349 4.63274845246541 76.5917031722675
1.44418431251194 16.4296473704609 3.53176170287307 74.3215530719741
35.8510378023765 17.9687573899844 4.7055630671923 75.9633689434341
4.33306686858872 15.6923088910884 2.2495407684406 93.2522136974867
3.74755638754550 18.009087992508 4.11355449916123 77.82819975661
0.540855277917 21.2130424444231 6.64323664605311 78.8624317277307
0.164563659549942 16.3444581083305 3.7964949551425 69.7092206881761
6.55860459633727 18.4096011949977 5.08154767836323 76.4803981440575
29.6123073633762 17.7533334534192 4.07780104658227 85.3197095720191
18.6728664918213 20.1707753046706 6.3587503641425 66.504413284911
3.41902712750283 18.5244505415560 5.13679329184978 66.469588348584
3.79747114598848 17.8280942370292 4.2240555975719 78.6754914693527
1.49970478390448 14.4269998628915 1.69626315930346 73.8918891780258
41.0491163799419 20.3768133504563 5.97930738960821 72.8534423185102
0.775008506425106 15.4924309446907 2.16018059254616 87.7063675318048
14.518809720529 18.7181582363127 4.9275487624474 79.2049065177271
30.9141023076205 18.5192723242335 4.6677394377585 67.2634858266343
27.4934403737668 18.8463498946387 5.12659022498753 79.1154490989281
2.34378785845212 15.8714930957796 4.04511481217976 71.9616518216059
1.70993572595736 14.6069444964669 1.78931228764112 70.3918930093027
0.747234323310884 15.1504078503290 3.48531914523463 71.0400381604014
56.8315149635958 24.4114582370306 8.7530406449244 80.6510313432457
18.0645490615247 17.449696379673 4.64005180878141 69.092840727898
0.111916324427634 14.917561249151 1.87315230863051 82.6313771910297
34.9562308704238 21.8096062056165 5.89198168751376 78.172587664772
0.322263431684126 15.8354428535238 2.67469394642756 74.1637671730062
1.27999787130487 14.1964110800666 2.91463527695825 71.1916821134595
2.85466972201395 18.2513816898807 4.27697898895175 85.2412603885478
2.90214003213868 17.5467342267953 4.25030076517098 75.7168791548916
0.219324401630338 13.7501164736438 2.48765279151153 72.2660218806844
0.471275531739477 16.2130249196062 3.05556978857900 78.0380737623417
0.342924753486461 22.8416131866964 7.64518035879261 70.2826762522915
0.810290131105518 16.5041641517949 3.97674543688568 64.4449104842395
1.70028904492320 15.5556463687451 2.69513869544089 77.4286458580383
11.3649643439619 19.8201234601497 5.45679885435883 78.0434727732465
2.84386646597049 18.1675554633829 4.21289267414 80.9355173811748
0.129035945253924 15.1021734148634 2.54883706275886 69.4007628297046
36.6022886686228 17.1033342446752 3.48741702480928 79.6940764171027
11.6800980410985 19.3982853791448 5.29265077344244 76.6701811168801
6.83879159523968 13.1718614702927 1.85069297801317 62.3215518351769
6.20163715239724 18.3353598246052 4.43356300536374 76.142320672622
0.201396839451674 18.6965092463092 5.50763033884603 84.1625110540496
15.4118454947122 18.8772197014028 5.8447003692209 78.3039100020806
3.69902620491514 17.835735001812 4.39227432963522 77.5099451646095
3.77851805242 23.0679390226746 7.33013063355525 69.2479151267878
15.3209876566647 19.9937380643042 5.76721865725682 78.692759794478
64.7912946479063 18.4683918505572 4.28432233502483 78.9176259170083
18.9859146695768 18.8796253854402 4.81251231956473 76.1163449492685
0.194777640087491 15.122829741021 2.72620924289817 76.0290223020835
4.63614223904696 17.4801285069235 3.66609613795875 80.9403622527506
0.00122736637210953 16.7272657611981 4.62907603884173 67.8190965800705
0.74091328810341 15.2314861145055 2.27397816054394 68.2230754107453
5.90154651446014 18.5036178232908 4.65816560538283 76.5800842344824
1.88751220483429 16.8915378772958 3.50947198902984 83.8700146651651
3.11536253849708 14.9847584046149 2.25168651293244 80.5018894618308
32.4427654574976 16.1200938187535 2.8117236129484 76.835573553851
0.0229885695474089 17.3533332275013 3.94171514791354 67.1302309018359
61.3187961124968 22.2527543275919 7.39713774363926 78.9291675560343
26.5674228361772 17.6507130701354 4.40608505204693 69.2152654772526
0.00298503922044536 17.7171686814426 4.80615784529931 84.2161873314636
1.38287027285235 19.1725897291739 5.58045199257188 69.8063925950673
0.0330186995604277 12.6621761837236 0.921304861686268 78.6649191266916
14.3440659117558 13.9746632512522 1.42701353829546 65.1314972538766
3.44718260445807 18.9190999171122 4.63754278717128 73.0147751753293
17.0585243558904 17.5886166707319 3.28045247576896 79.5632681835292
89.9800269478689 22.2889885657557 7.41982476031153 75.9301774492863
1.60902961610737 18.4382703223996 4.87794168935591 76.8022587985844
0.209717473717253 21.1009821770892 7.50040150518097 75.4440597680294
13.6147179053013 17.9003842719555 5.15766801790235 79.089833447587
12.6007058293672 19.7266394338371 5.38317449502999 76.5676182632748
19.6826874141948 17.7530260944910 4.81343261997779 80.8343644107012
14.6063073628898 18.6261468845958 4.24614953256443 81.0000991292295
6.92704732704861 17.3834918271014 4.41510736305548 77.0576899024427
8.6016446549893 18.5535299213438 4.87795985891735 78.0813763978386
0.369279111201048 18.3032902683932 4.34647677336717 76.7043823433055
2.03300832364420 20.7733459759427 5.95722584050949 77.0478630078148
3.53494165988866 16.0465309174355 4.59869504876826 83.5906958946006
25.6288233373198 17.870160664352 4.86540598819688 79.0629217611673
2.53300101345297 20.7715224303314 5.64240547084258 83.2960199747149
12.1899815779405 19.5931393161867 5.58387792430357 80.8423662240623
9.75322827929665 18.0637985600631 4.86111455954215 76.9653902677944
9.62307764368114 18.7730798864063 5.57051106546717 73.1328943989316
6.04031058319106 16.6660762856538 4.03914612274327 70.4060720344435
0.000201136198712164 14.3325463265927 2.36056659824592 86.813685088964
0.938413580526498 21.3840977763854 7.20493333914743 69.3795021378526
74.8607535554647 24.4068211833461 8.4447665442565 86.0921201507464
2.14781498125330 16.6079401780038 3.93644288185861 78.3697299324426
5.70396042435924 23.3584909507855 8.85073101316286 75.4572778516534
8.24270535953272 21.0750007021341 6.74921723219294 86.7338888319997
3.32727062226120 17.1094503850202 3.7320377376005 82.8544752845639
0.085938149836581 20.5783169691773 6.11014437581487 70.3146385526542
0.00172623027050493 14.9837343574989 3.60683446348332 66.8263659309677
23.7102553746620 16.1165958336974 2.76393362747223 83.3135452041061
0.888048227634778 16.9038587992244 3.89975383100984 77.7688646445996
24.7459602884063 18.8515026062969 5.32619214114738 79.8666920807783
0.0876400937192684 16.0311085545788 4.20082169872831 73.7080491883935
31.4510488231879 22.7790906679412 7.27664482887435 65.1682823045772
16.522000153481 14.3309540985802 2.00576404982544 73.8649309167442
7.65240050373975 13.9369579035876 2.43608675795269 70.691036955902
0.811814990638042 17.6805074744294 4.05567359806343 71.295993381666
54.5655187470147 22.3142213593524 6.83336715157456 88.0147039807561
33.5235337933084 20.7252638094452 6.8025451334325 74.8929933168561
5.75556770138227 15.2320347978003 2.75735545120125 74.6627967399144
4.72518184439854 17.7742982131287 4.35048211391738 79.3955838481372
17.4150720608018 21.85924134767 6.70563987510509 76.9237493800127
1.21553510104604 18.2179257558183 4.84488481179734 80.2144807586333
18.9019803317437 16.9512685225102 3.90867394343328 72.9706158527475
0.169687039199350 17.6873814861389 4.79516562673992 72.9597773216005
1.07821000938163 13.4975510254378 1.98428134733448 77.4186576711017
7.94331674723716 17.6006552500228 4.12140395183448 85.6970074639567
0.0216237780896317 17.0443927372882 4.19826478494281 59.912175291673
1.10574554610193 19.1081986108443 5.44849423997489 75.1285357481065
0.591241473660995 16.2743766206150 3.68431076463449 73.1292075272615
0.128022614458909 22.4375053634977 6.96155574724185 80.7299357983809
8.06380479142062 17.8601382782845 4.45563240604784 76.1397038114202
3.26428777984831 17.5484329679257 4.27897129217170 76.7871519357934
23.5982878792143 20.7176693982925 5.6808369754574 76.378235153108
2.81038289522475 18.2354110890439 4.75744925076442 79.9641329277465
4.16056911932848 18.9786183697330 5.2144992434117 73.3925597408758
5.79283865350645 18.6042175022449 4.96263280563377 73.4973909226796
29.9787189979504 24.0215380748917 8.22690430452998 89.970079112811
50.6557818648696 15.2740596362544 2.98169678419815 66.3854431321706
2.06345834278246 17.9452996731631 5.04566417359666 67.5085490894648
0.00146461532559630 15.5487934125841 1.94634636720077 82.9271202463639
2.74311262696112 21.7269033757371 6.46682269188312 92.5299239223912
17.6148135751460 18.7120353564461 4.39587518268438 87.1858551461953
16.1082344399738 18.8643536882049 5.05484234813077 69.5860513480515
7.43360885381811 18.7803812535507 4.57897786854378 79.7098559090405
71.320725552341 20.650614527021 5.83455903391558 77.5768382364286
18.6004000277810 15.7899395128453 3.01451818502510 70.6123248681686
0.307463162723650 19.4836498446208 5.99592255695759 84.6180934167962
12.1610128437844 18.1005048877042 4.23640715075062 76.5584056755819
11.7711636844344 19.3748450550447 5.30381509416716 72.3253065886765
22.8042577856537 15.3011932373616 2.68480211866193 75.6629321545879
13.539282431166 14.8831838539686 2.54630689941962 60.4190931272677
3.19820927463702 18.2203287135005 5.44207870350593 75.0930515202177
2.52525173722549 17.3884988013615 4.18333477773937 78.1552324592619
5.96884437989574 19.183617072895 4.93301187941851 68.2092736300818
4.77974636309948 18.2909396350545 4.82346574366169 76.8019920760582
0.367680712570761 15.6789879892588 3.74928579508496 79.6522140167008
18.1210866902396 18.6133090469669 4.88600910286411 80.2059565058105
7.22343191828791 18.0691162643358 4.72038472702642 82.6969271070411
32.9778940942092 22.5483502845203 8.0473610044894 76.5892569316311
1.02944099587556 18.729335854269 4.34447357287732 85.9352072613492
25.7714134672327 13.2289561621818 1.73540268857278 71.1258336136771
14.2515662349541 17.5478574328183 4.03175745985584 73.2021455089476
0.274331199243437 16.4608832636309 3.91854001378562 70.0616267538867
0.00101520228467461 13.8971553049724 2.77977204637335 67.2855223099232
7.32789095993814 20.0847498381118 6.37983344853933 77.2592843854347
33.8466927226208 19.47072106583 5.04748198296971 76.436069583507
0.0486032740580007 19.033698735901 5.91742729474052 77.6031064027852
5.59515363006562 17.7384172733533 4.30894246416879 76.603107894919
0.0957835374023756 18.8701953678411 5.97655683663896 62.3007012473005
1.33945474868068 15.9686755460475 2.98299297297008 70.5946215457173
4.97449947661725 23.6836100483551 7.65292129604225 75.7255925596562
5.21393913596956 18.2179234859772 5.30847869787794 64.9214539920794
13.4912403806116 17.2849375079795 4.27598416060327 75.8481022562255
8.21814430958984 16.8149396483021 3.31351219242944 63.0556298514427
0.495502041552178 15.5941832688978 3.06226744412507 72.3586699813529
0.0434950301804049 20.6940706346102 5.49618249349761 80.9208638646943
16.2765149104906 18.5200179713078 4.5968314248293 79.6907352841891
2.15210115912486 15.9177556042115 2.22136000781857 73.5710826790698
